109 258 178
109 258 180
109 258 192
109 178 180
109 178 258
109 178 192
109 180 258
109 180 178
109 180 192
109 192 258
109 192 178
109 192 180
109 297 181
109 297 189
109 297 206
109 181 189
109 181 297
109 181 206
109 189 297
109 189 181
109 189 206
109 206 297
109 206 181
109 206 189
109 207 148
109 207 136
109 207 137
109 148 136
109 148 207
109 148 137
109 136 207
109 136 148
109 136 137
109 137 207
109 137 148
109 137 136
109 266 110
109 266 141
109 266 103
109 110 141
109 110 266
109 110 103
109 141 266
109 141 110
109 141 103
109 103 266
109 103 110
109 103 141
109 198 132
109 198 102
109 198 114
109 132 102
109 132 198
109 132 114
109 102 198
109 102 132
109 102 114
109 114 198
109 114 132
109 114 102
