53 36 245
53 36 275
53 36 271
53 245 275
53 245 36
53 245 271
53 275 36
53 275 245
53 275 271
53 271 36
53 271 245
53 271 275
53 47 328
53 47 323
53 47 293
53 328 323
53 328 47
53 328 293
53 323 47
53 323 328
53 323 293
53 293 47
53 293 328
53 293 323
53 43 233
53 43 164
53 43 224
53 233 164
53 233 43
53 233 224
53 164 43
53 164 233
53 164 224
53 224 43
53 224 233
53 224 164
53 47 239
53 47 189
53 47 189
53 239 189
53 239 47
53 239 189
53 189 47
53 189 239
53 189 189
53 189 47
53 189 239
53 189 189
53 48 112
53 48 167
53 48 119
53 112 167
53 112 48
53 112 119
53 167 48
53 167 112
53 167 119
53 119 48
53 119 112
53 119 167
