140 7 6
140 7 16
140 7 16
140 6 16
140 6 7
140 6 16
140 16 7
140 16 6
140 16 16
140 16 7
140 16 6
140 16 16
140 17 20
140 17 19
140 17 26
140 20 19
140 20 17
140 20 26
140 19 17
140 19 20
140 19 26
140 26 17
140 26 20
140 26 19
140 5 6
140 5 9
140 5 9
140 6 9
140 6 5
140 6 9
140 9 5
140 9 6
140 9 9
140 9 5
140 9 6
140 9 9
140 6 6
140 6 7
140 6 5
140 6 7
140 6 6
140 6 5
140 7 6
140 7 6
140 7 5
140 5 6
140 5 6
140 5 7
140 4 0
140 4 0
140 4 0
140 0 0
140 0 4
140 0 0
140 0 4
140 0 0
140 0 0
140 0 4
140 0 0
140 0 0
