136 12 19
136 12 20
136 12 12
136 19 20
136 19 12
136 19 12
136 20 12
136 20 19
136 20 12
136 12 12
136 12 19
136 12 20
136 19 13
136 19 18
136 19 19
136 13 18
136 13 19
136 13 19
136 18 19
136 18 13
136 18 19
136 19 19
136 19 13
136 19 18
136 14 10
136 14 18
136 14 16
136 10 18
136 10 14
136 10 16
136 18 14
136 18 10
136 18 16
136 16 14
136 16 10
136 16 18
136 8 7
136 8 15
136 8 9
136 7 15
136 7 8
136 7 9
136 15 8
136 15 7
136 15 9
136 9 8
136 9 7
136 9 15
136 7 8
136 7 3
136 7 4
136 8 3
136 8 7
136 8 4
136 3 7
136 3 8
136 3 4
136 4 7
136 4 8
136 4 3
