62 205 140
62 205 169
62 205 119
62 140 169
62 140 205
62 140 119
62 169 205
62 169 140
62 169 119
62 119 205
62 119 140
62 119 169
62 166 169
62 166 129
62 166 140
62 169 129
62 169 166
62 169 140
62 129 166
62 129 169
62 129 140
62 140 166
62 140 169
62 140 129
62 139 135
62 139 119
62 139 154
62 135 119
62 135 139
62 135 154
62 119 139
62 119 135
62 119 154
62 154 139
62 154 135
62 154 119
62 178 155
62 178 153
62 178 132
62 155 153
62 155 178
62 155 132
62 153 178
62 153 155
62 153 132
62 132 178
62 132 155
62 132 153
62 155 128
62 155 126
62 155 141
62 128 126
62 128 155
62 128 141
62 126 155
62 126 128
62 126 141
62 141 155
62 141 128
62 141 126
