58 338 264
58 338 278
58 338 340
58 264 278
58 264 338
58 264 340
58 278 338
58 278 264
58 278 340
58 340 338
58 340 264
58 340 278
58 308 331
58 308 343
58 308 379
58 331 343
58 331 308
58 331 379
58 343 308
58 343 331
58 343 379
58 379 308
58 379 331
58 379 343
58 299 235
58 299 245
58 299 325
58 235 245
58 235 299
58 235 325
58 245 299
58 245 235
58 245 325
58 325 299
58 325 235
58 325 245
58 532 275
58 532 333
58 532 346
58 275 333
58 275 532
58 275 346
58 333 532
58 333 275
58 333 346
58 346 532
58 346 275
58 346 333
58 355 259
58 355 266
58 355 326
58 259 266
58 259 355
58 259 326
58 266 355
58 266 259
58 266 326
58 326 355
58 326 259
58 326 266
