88 201 89
88 201 77
88 201 73
88 89 77
88 89 201
88 89 73
88 77 201
88 77 89
88 77 73
88 73 201
88 73 89
88 73 77
88 211 43
88 211 65
88 211 90
88 43 65
88 43 211
88 43 90
88 65 211
88 65 43
88 65 90
88 90 211
88 90 43
88 90 65
88 201 67
88 201 71
88 201 70
88 67 71
88 67 201
88 67 70
88 71 201
88 71 67
88 71 70
88 70 201
88 70 67
88 70 71
88 228 69
88 228 63
88 228 72
88 69 63
88 69 228
88 69 72
88 63 228
88 63 69
88 63 72
88 72 228
88 72 69
88 72 63
88 179 65
88 179 55
88 179 92
88 65 55
88 65 179
88 65 92
88 55 179
88 55 65
88 55 92
88 92 179
88 92 65
88 92 55
