121 305 164
121 305 136
121 305 228
121 164 136
121 164 305
121 164 228
121 136 305
121 136 164
121 136 228
121 228 305
121 228 164
121 228 136
121 329 215
121 329 176
121 329 158
121 215 176
121 215 329
121 215 158
121 176 329
121 176 215
121 176 158
121 158 329
121 158 215
121 158 176
121 406 172
121 406 198
121 406 141
121 172 198
121 172 406
121 172 141
121 198 406
121 198 172
121 198 141
121 141 406
121 141 172
121 141 198
121 194 193
121 194 122
121 194 232
121 193 122
121 193 194
121 193 232
121 122 194
121 122 193
121 122 232
121 232 194
121 232 193
121 232 122
121 344 172
121 344 202
121 344 170
121 172 202
121 172 344
121 172 170
121 202 344
121 202 172
121 202 170
121 170 344
121 170 172
121 170 202
