118 113 215
118 113 204
118 113 229
118 215 204
118 215 113
118 215 229
118 204 113
118 204 215
118 204 229
118 229 113
118 229 215
118 229 204
118 111 187
118 111 171
118 111 223
118 187 171
118 187 111
118 187 223
118 171 111
118 171 187
118 171 223
118 223 111
118 223 187
118 223 171
118 100 212
118 100 201
118 100 208
118 212 201
118 212 100
118 212 208
118 201 100
118 201 212
118 201 208
118 208 100
118 208 212
118 208 201
118 109 183
118 109 185
118 109 194
118 183 185
118 183 109
118 183 194
118 185 109
118 185 183
118 185 194
118 194 109
118 194 183
118 194 185
118 106 188
118 106 194
118 106 180
118 188 194
118 188 106
118 188 180
118 194 106
118 194 188
118 194 180
118 180 106
118 180 188
118 180 194
