48 25 152
48 25 142
48 25 135
48 152 142
48 152 25
48 152 135
48 142 25
48 142 152
48 142 135
48 135 25
48 135 152
48 135 142
48 24 89
48 24 80
48 24 73
48 89 80
48 89 24
48 89 73
48 80 24
48 80 89
48 80 73
48 73 24
48 73 89
48 73 80
48 21 106
48 21 102
48 21 131
48 106 102
48 106 21
48 106 131
48 102 21
48 102 106
48 102 131
48 131 21
48 131 106
48 131 102
48 36 172
48 36 212
48 36 159
48 172 212
48 172 36
48 172 159
48 212 36
48 212 172
48 212 159
48 159 36
48 159 172
48 159 212
48 29 263
48 29 209
48 29 286
48 263 209
48 263 29
48 263 286
48 209 29
48 209 263
48 209 286
48 286 29
48 286 263
48 286 209
