116 105 100
116 105 75
116 105 89
116 100 75
116 100 105
116 100 89
116 75 105
116 75 100
116 75 89
116 89 105
116 89 100
116 89 75
116 103 108
116 103 96
116 103 106
116 108 96
116 108 103
116 108 106
116 96 103
116 96 108
116 96 106
116 106 103
116 106 108
116 106 96
116 67 81
116 67 74
116 67 96
116 81 74
116 81 67
116 81 96
116 74 67
116 74 81
116 74 96
116 96 67
116 96 81
116 96 74
116 58 95
116 58 84
116 58 77
116 95 84
116 95 58
116 95 77
116 84 58
116 84 95
116 84 77
116 77 58
116 77 95
116 77 84
116 97 70
116 97 81
116 97 81
116 70 81
116 70 97
116 70 81
116 81 97
116 81 70
116 81 81
116 81 97
116 81 70
116 81 81
