45 79 254
45 79 280
45 79 317
45 254 280
45 254 79
45 254 317
45 280 79
45 280 254
45 280 317
45 317 79
45 317 254
45 317 280
45 129 216
45 129 256
45 129 241
45 216 256
45 216 129
45 216 241
45 256 129
45 256 216
45 256 241
45 241 129
45 241 216
45 241 256
45 93 366
45 93 287
45 93 370
45 366 287
45 366 93
45 366 370
45 287 93
45 287 366
45 287 370
45 370 93
45 370 366
45 370 287
45 137 394
45 137 348
45 137 364
45 394 348
45 394 137
45 394 364
45 348 137
45 348 394
45 348 364
45 364 137
45 364 394
45 364 348
45 98 384
45 98 406
45 98 434
45 384 406
45 384 98
45 384 434
45 406 98
45 406 384
45 406 434
45 434 98
45 434 384
45 434 406
