53 148 426
53 148 376
53 148 402
53 426 376
53 426 148
53 426 402
53 376 148
53 376 426
53 376 402
53 402 148
53 402 426
53 402 376
53 159 506
53 159 503
53 159 524
53 506 503
53 506 159
53 506 524
53 503 159
53 503 506
53 503 524
53 524 159
53 524 506
53 524 503
53 134 323
53 134 304
53 134 354
53 323 304
53 323 134
53 323 354
53 304 134
53 304 323
53 304 354
53 354 134
53 354 323
53 354 304
53 112 276
53 112 292
53 112 329
53 276 292
53 276 112
53 276 329
53 292 112
53 292 276
53 292 329
53 329 112
53 329 276
53 329 292
53 169 263
53 169 293
53 169 272
53 263 293
53 263 169
53 263 272
53 293 169
53 293 263
53 293 272
53 272 169
53 272 263
53 272 293
