82 132 85
82 132 85
82 132 103
82 85 85
82 85 132
82 85 103
82 85 132
82 85 85
82 85 103
82 103 132
82 103 85
82 103 85
82 126 53
82 126 71
82 126 101
82 53 71
82 53 126
82 53 101
82 71 126
82 71 53
82 71 101
82 101 126
82 101 53
82 101 71
82 149 65
82 149 89
82 149 145
82 65 89
82 65 149
82 65 145
82 89 149
82 89 65
82 89 145
82 145 149
82 145 65
82 145 89
82 187 81
82 187 94
82 187 96
82 81 94
82 81 187
82 81 96
82 94 187
82 94 81
82 94 96
82 96 187
82 96 81
82 96 94
82 166 74
82 166 77
82 166 81
82 74 77
82 74 166
82 74 81
82 77 166
82 77 74
82 77 81
82 81 166
82 81 74
82 81 77
