132 12 13
132 12 7
132 12 15
132 13 7
132 13 12
132 13 15
132 7 12
132 7 13
132 7 15
132 15 12
132 15 13
132 15 7
132 9 10
132 9 19
132 9 8
132 10 19
132 10 9
132 10 8
132 19 9
132 19 10
132 19 8
132 8 9
132 8 10
132 8 19
132 14 7
132 14 6
132 14 13
132 7 6
132 7 14
132 7 13
132 6 14
132 6 7
132 6 13
132 13 14
132 13 7
132 13 6
132 10 8
132 10 7
132 10 12
132 8 7
132 8 10
132 8 12
132 7 10
132 7 8
132 7 12
132 12 10
132 12 8
132 12 7
132 8 6
132 8 10
132 8 10
132 6 10
132 6 8
132 6 10
132 10 8
132 10 6
132 10 10
132 10 8
132 10 6
132 10 10
