42 16 48
42 16 60
42 16 46
42 48 60
42 48 16
42 48 46
42 60 16
42 60 48
42 60 46
42 46 16
42 46 48
42 46 60
42 19 43
42 19 33
42 19 41
42 43 33
42 43 19
42 43 41
42 33 19
42 33 43
42 33 41
42 41 19
42 41 43
42 41 33
42 27 86
42 27 112
42 27 80
42 86 112
42 86 27
42 86 80
42 112 27
42 112 86
42 112 80
42 80 27
42 80 86
42 80 112
42 40 155
42 40 142
42 40 142
42 155 142
42 155 40
42 155 142
42 142 40
42 142 155
42 142 142
42 142 40
42 142 155
42 142 142
42 49 169
42 49 180
42 49 160
42 169 180
42 169 49
42 169 160
42 180 49
42 180 169
42 180 160
42 160 49
42 160 169
42 160 180
