122 97 216
122 97 217
122 97 229
122 216 217
122 216 97
122 216 229
122 217 97
122 217 216
122 217 229
122 229 97
122 229 216
122 229 217
122 106 188
122 106 194
122 106 180
122 188 194
122 188 106
122 188 180
122 194 106
122 194 188
122 194 180
122 180 106
122 180 188
122 180 194
122 103 189
122 103 195
122 103 251
122 189 195
122 189 103
122 189 251
122 195 103
122 195 189
122 195 251
122 251 103
122 251 189
122 251 195
122 140 195
122 140 179
122 140 223
122 195 179
122 195 140
122 195 223
122 179 140
122 179 195
122 179 223
122 223 140
122 223 195
122 223 179
122 76 190
122 76 207
122 76 216
122 190 207
122 190 76
122 190 216
122 207 76
122 207 190
122 207 216
122 216 76
122 216 190
122 216 207
