86 275 204
86 275 194
86 275 258
86 204 194
86 204 275
86 204 258
86 194 275
86 194 204
86 194 258
86 258 275
86 258 204
86 258 194
86 200 211
86 200 255
86 200 264
86 211 255
86 211 200
86 211 264
86 255 200
86 255 211
86 255 264
86 264 200
86 264 211
86 264 255
86 267 182
86 267 194
86 267 200
86 182 194
86 182 267
86 182 200
86 194 267
86 194 182
86 194 200
86 200 267
86 200 182
86 200 194
86 310 172
86 310 186
86 310 249
86 172 186
86 172 310
86 172 249
86 186 310
86 186 172
86 186 249
86 249 310
86 249 172
86 249 186
86 247 244
86 247 195
86 247 166
86 244 195
86 244 247
86 244 166
86 195 247
86 195 244
86 195 166
86 166 247
86 166 244
86 166 195
