57 93 479
57 93 485
57 93 389
57 479 485
57 479 93
57 479 389
57 485 93
57 485 479
57 485 389
57 389 93
57 389 479
57 389 485
57 92 448
57 92 534
57 92 420
57 448 534
57 448 92
57 448 420
57 534 92
57 534 448
57 534 420
57 420 92
57 420 448
57 420 534
57 96 381
57 96 339
57 96 332
57 381 339
57 381 96
57 381 332
57 339 96
57 339 381
57 339 332
57 332 96
57 332 381
57 332 339
57 100 297
57 100 310
57 100 289
57 297 310
57 297 100
57 297 289
57 310 100
57 310 297
57 310 289
57 289 100
57 289 297
57 289 310
57 113 224
57 113 246
57 113 246
57 224 246
57 224 113
57 224 246
57 246 113
57 246 224
57 246 246
57 246 113
57 246 224
57 246 246
