77 115 88
77 115 108
77 115 131
77 88 108
77 88 115
77 88 131
77 108 115
77 108 88
77 108 131
77 131 115
77 131 88
77 131 108
77 170 86
77 170 110
77 170 118
77 86 110
77 86 170
77 86 118
77 110 170
77 110 86
77 110 118
77 118 170
77 118 86
77 118 110
77 119 73
77 119 84
77 119 134
77 73 84
77 73 119
77 73 134
77 84 119
77 84 73
77 84 134
77 134 119
77 134 73
77 134 84
77 124 92
77 124 120
77 124 79
77 92 120
77 92 124
77 92 79
77 120 124
77 120 92
77 120 79
77 79 124
77 79 92
77 79 120
77 187 82
77 187 74
77 187 110
77 82 74
77 82 187
77 82 110
77 74 187
77 74 82
77 74 110
77 110 187
77 110 82
77 110 74
