54 19 52
54 19 55
54 19 46
54 52 55
54 52 19
54 52 46
54 55 19
54 55 52
54 55 46
54 46 19
54 46 52
54 46 55
54 17 93
54 17 66
54 17 61
54 93 66
54 93 17
54 93 61
54 66 17
54 66 93
54 66 61
54 61 17
54 61 93
54 61 66
54 21 44
54 21 22
54 21 31
54 44 22
54 44 21
54 44 31
54 22 21
54 22 44
54 22 31
54 31 21
54 31 44
54 31 22
54 10 23
54 10 54
54 10 36
54 23 54
54 23 10
54 23 36
54 54 10
54 54 23
54 54 36
54 36 10
54 36 23
54 36 54
54 31 26
54 31 30
54 31 29
54 26 30
54 26 31
54 26 29
54 30 31
54 30 26
54 30 29
54 29 31
54 29 26
54 29 30
