115 212 190
115 212 224
115 212 241
115 190 224
115 190 212
115 190 241
115 224 212
115 224 190
115 224 241
115 241 212
115 241 190
115 241 224
115 210 313
115 210 329
115 210 209
115 313 329
115 313 210
115 313 209
115 329 210
115 329 313
115 329 209
115 209 210
115 209 313
115 209 329
115 201 207
115 201 210
115 201 198
115 207 210
115 207 201
115 207 198
115 210 201
115 210 207
115 210 198
115 198 201
115 198 207
115 198 210
115 207 212
115 207 204
115 207 190
115 212 204
115 212 207
115 212 190
115 204 207
115 204 212
115 204 190
115 190 207
115 190 212
115 190 204
115 212 172
115 212 161
115 212 177
115 172 161
115 172 212
115 172 177
115 161 212
115 161 172
115 161 177
115 177 212
115 177 172
115 177 161
