95 302 102
95 302 117
95 302 131
95 102 117
95 102 302
95 102 131
95 117 302
95 117 102
95 117 131
95 131 302
95 131 102
95 131 117
95 384 106
95 384 117
95 384 129
95 106 117
95 106 384
95 106 129
95 117 384
95 117 106
95 117 129
95 129 384
95 129 106
95 129 117
95 276 119
95 276 107
95 276 136
95 119 107
95 119 276
95 119 136
95 107 276
95 107 119
95 107 136
95 136 276
95 136 119
95 136 107
95 245 119
95 245 132
95 245 122
95 119 132
95 119 245
95 119 122
95 132 245
95 132 119
95 132 122
95 122 245
95 122 119
95 122 132
95 399 153
95 399 116
95 399 181
95 153 116
95 153 399
95 153 181
95 116 399
95 116 153
95 116 181
95 181 399
95 181 153
95 181 116
