48 117 523
48 117 552
48 117 612
48 523 552
48 523 117
48 523 612
48 552 117
48 552 523
48 552 612
48 612 117
48 612 523
48 612 552
48 101 462
48 101 449
48 101 510
48 462 449
48 462 101
48 462 510
48 449 101
48 449 462
48 449 510
48 510 101
48 510 462
48 510 449
48 88 674
48 88 653
48 88 634
48 674 653
48 674 88
48 674 634
48 653 88
48 653 674
48 653 634
48 634 88
48 634 674
48 634 653
48 117 504
48 117 473
48 117 498
48 504 473
48 504 117
48 504 498
48 473 117
48 473 504
48 473 498
48 498 117
48 498 504
48 498 473
48 121 489
48 121 493
48 121 444
48 489 493
48 489 121
48 489 444
48 493 121
48 493 489
48 493 444
48 444 121
48 444 489
48 444 493
