63 139 135
63 139 119
63 139 154
63 135 119
63 135 139
63 135 154
63 119 139
63 119 135
63 119 154
63 154 139
63 154 135
63 154 119
63 205 140
63 205 169
63 205 119
63 140 169
63 140 205
63 140 119
63 169 205
63 169 140
63 169 119
63 119 205
63 119 140
63 119 169
63 178 155
63 178 153
63 178 132
63 155 153
63 155 178
63 155 132
63 153 178
63 153 155
63 153 132
63 132 178
63 132 155
63 132 153
63 155 128
63 155 126
63 155 141
63 128 126
63 128 155
63 128 141
63 126 155
63 126 128
63 126 141
63 141 155
63 141 128
63 141 126
63 144 136
63 144 122
63 144 157
63 136 122
63 136 144
63 136 157
63 122 144
63 122 136
63 122 157
63 157 144
63 157 136
63 157 122
