126 126 123
126 126 150
126 126 120
126 123 150
126 123 126
126 123 120
126 150 126
126 150 123
126 150 120
126 120 126
126 120 123
126 120 150
126 161 127
126 161 148
126 161 95
126 127 148
126 127 161
126 127 95
126 148 161
126 148 127
126 148 95
126 95 161
126 95 127
126 95 148
126 187 112
126 187 105
126 187 133
126 112 105
126 112 187
126 112 133
126 105 187
126 105 112
126 105 133
126 133 187
126 133 112
126 133 105
126 114 108
126 114 98
126 114 129
126 108 98
126 108 114
126 108 129
126 98 114
126 98 108
126 98 129
126 129 114
126 129 108
126 129 98
126 113 108
126 113 112
126 113 110
126 108 112
126 108 113
126 108 110
126 112 113
126 112 108
126 112 110
126 110 113
126 110 108
126 110 112
