109 154 585
109 154 553
109 154 597
109 585 553
109 585 154
109 585 597
109 553 154
109 553 585
109 553 597
109 597 154
109 597 585
109 597 553
109 149 582
109 149 649
109 149 615
109 582 649
109 582 149
109 582 615
109 649 149
109 649 582
109 649 615
109 615 149
109 615 582
109 615 649
109 148 594
109 148 580
109 148 599
109 594 580
109 594 148
109 594 599
109 580 148
109 580 594
109 580 599
109 599 148
109 599 594
109 599 580
109 147 483
109 147 480
109 147 441
109 483 480
109 483 147
109 483 441
109 480 147
109 480 483
109 480 441
109 441 147
109 441 483
109 441 480
109 148 390
109 148 344
109 148 382
109 390 344
109 390 148
109 390 382
109 344 148
109 344 390
109 344 382
109 382 148
109 382 390
109 382 344
