61 166 169
61 166 129
61 166 140
61 169 129
61 169 166
61 169 140
61 129 166
61 129 169
61 129 140
61 140 166
61 140 169
61 140 129
61 159 142
61 159 162
61 159 156
61 142 162
61 142 159
61 142 156
61 162 159
61 162 142
61 162 156
61 156 159
61 156 142
61 156 162
61 205 140
61 205 169
61 205 119
61 140 169
61 140 205
61 140 119
61 169 205
61 169 140
61 169 119
61 119 205
61 119 140
61 119 169
61 139 135
61 139 119
61 139 154
61 135 119
61 135 139
61 135 154
61 119 139
61 119 135
61 119 154
61 154 139
61 154 135
61 154 119
61 178 155
61 178 153
61 178 132
61 155 153
61 155 178
61 155 132
61 153 178
61 153 155
61 153 132
61 132 178
61 132 155
61 132 153
