52 47 328
52 47 323
52 47 293
52 328 323
52 328 47
52 328 293
52 323 47
52 323 328
52 323 293
52 293 47
52 293 328
52 293 323
52 29 263
52 29 209
52 29 286
52 263 209
52 263 29
52 263 286
52 209 29
52 209 263
52 209 286
52 286 29
52 286 263
52 286 209
52 36 245
52 36 275
52 36 271
52 245 275
52 245 36
52 245 271
52 275 36
52 275 245
52 275 271
52 271 36
52 271 245
52 271 275
52 43 233
52 43 164
52 43 224
52 233 164
52 233 43
52 233 224
52 164 43
52 164 233
52 164 224
52 224 43
52 224 233
52 224 164
52 47 239
52 47 189
52 47 189
52 239 189
52 239 47
52 239 189
52 189 47
52 189 239
52 189 189
52 189 47
52 189 239
52 189 189
