125 93 79
125 93 79
125 93 121
125 79 79
125 79 93
125 79 121
125 79 93
125 79 79
125 79 121
125 121 93
125 121 79
125 121 79
125 131 71
125 131 75
125 131 64
125 71 75
125 71 131
125 71 64
125 75 131
125 75 71
125 75 64
125 64 131
125 64 71
125 64 75
125 110 91
125 110 94
125 110 100
125 91 94
125 91 110
125 91 100
125 94 110
125 94 91
125 94 100
125 100 110
125 100 91
125 100 94
125 86 68
125 86 80
125 86 99
125 68 80
125 68 86
125 68 99
125 80 86
125 80 68
125 80 99
125 99 86
125 99 68
125 99 80
125 90 92
125 90 84
125 90 85
125 92 84
125 92 90
125 92 85
125 84 90
125 84 92
125 84 85
125 85 90
125 85 92
125 85 84
