125 69 92
125 69 59
125 69 83
125 92 59
125 92 69
125 92 83
125 59 69
125 59 92
125 59 83
125 83 69
125 83 92
125 83 59
125 92 85
125 92 98
125 92 105
125 85 98
125 85 92
125 85 105
125 98 92
125 98 85
125 98 105
125 105 92
125 105 85
125 105 98
125 98 108
125 98 99
125 98 108
125 108 99
125 108 98
125 108 108
125 99 98
125 99 108
125 99 108
125 108 98
125 108 108
125 108 99
125 87 103
125 87 93
125 87 97
125 103 93
125 103 87
125 103 97
125 93 87
125 93 103
125 93 97
125 97 87
125 97 103
125 97 93
125 83 66
125 83 86
125 83 91
125 66 86
125 66 83
125 66 91
125 86 83
125 86 66
125 86 91
125 91 83
125 91 66
125 91 86
