52 159 506
52 159 503
52 159 524
52 506 503
52 506 159
52 506 524
52 503 159
52 503 506
52 503 524
52 524 159
52 524 506
52 524 503
52 121 489
52 121 493
52 121 444
52 489 493
52 489 121
52 489 444
52 493 121
52 493 489
52 493 444
52 444 121
52 444 489
52 444 493
52 148 426
52 148 376
52 148 402
52 426 376
52 426 148
52 426 402
52 376 148
52 376 426
52 376 402
52 402 148
52 402 426
52 402 376
52 134 323
52 134 304
52 134 354
52 323 304
52 323 134
52 323 354
52 304 134
52 304 323
52 304 354
52 354 134
52 354 323
52 354 304
52 112 276
52 112 292
52 112 329
52 276 292
52 276 112
52 276 329
52 292 112
52 292 276
52 292 329
52 329 112
52 329 276
52 329 292
