64 79 70
64 79 57
64 79 91
64 70 57
64 70 79
64 70 91
64 57 79
64 57 70
64 57 91
64 91 79
64 91 70
64 91 57
64 115 107
64 115 75
64 115 73
64 107 75
64 107 115
64 107 73
64 75 115
64 75 107
64 75 73
64 73 115
64 73 107
64 73 75
64 100 83
64 100 67
64 100 94
64 83 67
64 83 100
64 83 94
64 67 100
64 67 83
64 67 94
64 94 100
64 94 83
64 94 67
64 84 76
64 84 58
64 84 79
64 76 58
64 76 84
64 76 79
64 58 84
64 58 76
64 58 79
64 79 84
64 79 76
64 79 58
64 93 95
64 93 63
64 93 62
64 95 63
64 95 93
64 95 62
64 63 93
64 63 95
64 63 62
64 62 93
64 62 95
64 62 63
