45 64 195
45 64 205
45 64 170
45 195 205
45 195 64
45 195 170
45 205 64
45 205 195
45 205 170
45 170 64
45 170 195
45 170 205
45 50 126
45 50 122
45 50 127
45 126 122
45 126 50
45 126 127
45 122 50
45 122 126
45 122 127
45 127 50
45 127 126
45 127 122
45 62 285
45 62 268
45 62 270
45 285 268
45 285 62
45 285 270
45 268 62
45 268 285
45 268 270
45 270 62
45 270 285
45 270 268
45 80 303
45 80 342
45 80 326
45 303 342
45 303 80
45 303 326
45 342 80
45 342 303
45 342 326
45 326 80
45 326 303
45 326 342
45 68 360
45 68 360
45 68 370
45 360 360
45 360 68
45 360 370
45 360 68
45 360 360
45 360 370
45 370 68
45 370 360
45 370 360
