63 47 58
63 47 80
63 47 44
63 58 80
63 58 47
63 58 44
63 80 47
63 80 58
63 80 44
63 44 47
63 44 58
63 44 80
63 55 62
63 55 59
63 55 87
63 62 59
63 62 55
63 62 87
63 59 55
63 59 62
63 59 87
63 87 55
63 87 62
63 87 59
63 45 63
63 45 52
63 45 58
63 63 52
63 63 45
63 63 58
63 52 45
63 52 63
63 52 58
63 58 45
63 58 63
63 58 52
63 66 59
63 66 59
63 66 53
63 59 59
63 59 66
63 59 53
63 59 66
63 59 59
63 59 53
63 53 66
63 53 59
63 53 59
63 48 44
63 48 54
63 48 64
63 44 54
63 44 48
63 44 64
63 54 48
63 54 44
63 54 64
63 64 48
63 64 44
63 64 54
