134 198 159
134 198 113
134 198 96
134 159 113
134 159 198
134 159 96
134 113 198
134 113 159
134 113 96
134 96 198
134 96 159
134 96 113
134 218 135
134 218 151
134 218 252
134 135 151
134 135 218
134 135 252
134 151 218
134 151 135
134 151 252
134 252 218
134 252 135
134 252 151
134 175 95
134 175 104
134 175 145
134 95 104
134 95 175
134 95 145
134 104 175
134 104 95
134 104 145
134 145 175
134 145 95
134 145 104
134 242 98
134 242 84
134 242 94
134 98 84
134 98 242
134 98 94
134 84 242
134 84 98
134 84 94
134 94 242
134 94 98
134 94 84
134 116 92
134 116 90
134 116 73
134 92 90
134 92 116
134 92 73
134 90 116
134 90 92
134 90 73
134 73 116
134 73 92
134 73 90
