97 163 84
97 163 71
97 163 76
97 84 71
97 84 163
97 84 76
97 71 163
97 71 84
97 71 76
97 76 163
97 76 84
97 76 71
97 257 97
97 257 118
97 257 116
97 97 118
97 97 257
97 97 116
97 118 257
97 118 97
97 118 116
97 116 257
97 116 97
97 116 118
97 206 87
97 206 71
97 206 121
97 87 71
97 87 206
97 87 121
97 71 206
97 71 87
97 71 121
97 121 206
97 121 87
97 121 71
97 191 95
97 191 98
97 191 122
97 95 98
97 95 191
97 95 122
97 98 191
97 98 95
97 98 122
97 122 191
97 122 95
97 122 98
97 275 113
97 275 84
97 275 99
97 113 84
97 113 275
97 113 99
97 84 275
97 84 113
97 84 99
97 99 275
97 99 113
97 99 84
