65 148 60
65 148 48
65 148 74
65 60 48
65 60 148
65 60 74
65 48 148
65 48 60
65 48 74
65 74 148
65 74 60
65 74 48
65 142 51
65 142 56
65 142 92
65 51 56
65 51 142
65 51 92
65 56 142
65 56 51
65 56 92
65 92 142
65 92 51
65 92 56
65 102 67
65 102 43
65 102 72
65 67 43
65 67 102
65 67 72
65 43 102
65 43 67
65 43 72
65 72 102
65 72 67
65 72 43
65 135 48
65 135 68
65 135 76
65 48 68
65 48 135
65 48 76
65 68 135
65 68 48
65 68 76
65 76 135
65 76 48
65 76 68
65 171 48
65 171 54
65 171 56
65 48 54
65 48 171
65 48 56
65 54 171
65 54 48
65 54 56
65 56 171
65 56 48
65 56 54
