119 29 14
119 29 28
119 29 24
119 14 28
119 14 29
119 14 24
119 28 29
119 28 14
119 28 24
119 24 29
119 24 14
119 24 28
119 41 18
119 41 20
119 41 19
119 18 20
119 18 41
119 18 19
119 20 41
119 20 18
119 20 19
119 19 41
119 19 18
119 19 20
119 30 23
119 30 15
119 30 13
119 23 15
119 23 30
119 23 13
119 15 30
119 15 23
119 15 13
119 13 30
119 13 23
119 13 15
119 27 19
119 27 11
119 27 21
119 19 11
119 19 27
119 19 21
119 11 27
119 11 19
119 11 21
119 21 27
119 21 19
119 21 11
119 33 12
119 33 20
119 33 24
119 12 20
119 12 33
119 12 24
119 20 33
119 20 12
119 20 24
119 24 33
119 24 12
119 24 20
