138 63 54
138 63 50
138 63 34
138 54 50
138 54 63
138 54 34
138 50 63
138 50 54
138 50 34
138 34 63
138 34 54
138 34 50
138 101 66
138 101 68
138 101 76
138 66 68
138 66 101
138 66 76
138 68 101
138 68 66
138 68 76
138 76 101
138 76 66
138 76 68
138 68 26
138 68 33
138 68 37
138 26 33
138 26 68
138 26 37
138 33 68
138 33 26
138 33 37
138 37 68
138 37 26
138 37 33
138 47 8
138 47 11
138 47 23
138 8 11
138 8 47
138 8 23
138 11 47
138 11 8
138 11 23
138 23 47
138 23 8
138 23 11
138 40 22
138 40 18
138 40 15
138 22 18
138 22 40
138 22 15
138 18 40
138 18 22
138 18 15
138 15 40
138 15 22
138 15 18
