98 155 61
98 155 63
98 155 71
98 61 63
98 61 155
98 61 71
98 63 155
98 63 61
98 63 71
98 71 155
98 71 61
98 71 63
98 189 57
98 189 73
98 189 77
98 57 73
98 57 189
98 57 77
98 73 189
98 73 57
98 73 77
98 77 189
98 77 57
98 77 73
98 173 64
98 173 64
98 173 129
98 64 64
98 64 173
98 64 129
98 64 173
98 64 64
98 64 129
98 129 173
98 129 64
98 129 64
98 154 86
98 154 66
98 154 81
98 86 66
98 86 154
98 86 81
98 66 154
98 66 86
98 66 81
98 81 154
98 81 86
98 81 66
98 138 104
98 138 93
98 138 92
98 104 93
98 104 138
98 104 92
98 93 138
98 93 104
98 93 92
98 92 138
98 92 104
98 92 93
