47 104 455
47 104 464
47 104 472
47 455 464
47 455 104
47 455 472
47 464 104
47 464 455
47 464 472
47 472 104
47 472 455
47 472 464
47 76 374
47 76 325
47 76 404
47 374 325
47 374 76
47 374 404
47 325 76
47 325 374
47 325 404
47 404 76
47 404 374
47 404 325
47 98 554
47 98 517
47 98 520
47 554 517
47 554 98
47 554 520
47 517 98
47 517 554
47 517 520
47 520 98
47 520 554
47 520 517
47 94 567
47 94 629
47 94 628
47 567 629
47 567 94
47 567 628
47 629 94
47 629 567
47 629 628
47 628 94
47 628 567
47 628 629
47 104 526
47 104 578
47 104 573
47 526 578
47 526 104
47 526 573
47 578 104
47 578 526
47 578 573
47 573 104
47 573 526
47 573 578
