89 248 73
89 248 94
89 248 113
89 73 94
89 73 248
89 73 113
89 94 248
89 94 73
89 94 113
89 113 248
89 113 73
89 113 94
89 186 87
89 186 72
89 186 100
89 87 72
89 87 186
89 87 100
89 72 186
89 72 87
89 72 100
89 100 186
89 100 87
89 100 72
89 187 81
89 187 83
89 187 102
89 81 83
89 81 187
89 81 102
89 83 187
89 83 81
89 83 102
89 102 187
89 102 81
89 102 83
89 196 109
89 196 85
89 196 85
89 109 85
89 109 196
89 109 85
89 85 196
89 85 109
89 85 85
89 85 196
89 85 109
89 85 85
89 223 93
89 223 63
89 223 119
89 93 63
89 93 223
89 93 119
89 63 223
89 63 93
89 63 119
89 119 223
89 119 93
89 119 63
