113 89 40
113 89 43
113 89 53
113 40 43
113 40 89
113 40 53
113 43 89
113 43 40
113 43 53
113 53 89
113 53 40
113 53 43
113 127 38
113 127 34
113 127 50
113 38 34
113 38 127
113 38 50
113 34 127
113 34 38
113 34 50
113 50 127
113 50 38
113 50 34
113 73 44
113 73 28
113 73 47
113 44 28
113 44 73
113 44 47
113 28 73
113 28 44
113 28 47
113 47 73
113 47 44
113 47 28
113 80 34
113 80 40
113 80 39
113 34 40
113 34 80
113 34 39
113 40 80
113 40 34
113 40 39
113 39 80
113 39 34
113 39 40
113 62 37
113 62 23
113 62 40
113 37 23
113 37 62
113 37 40
113 23 62
113 23 37
113 23 40
113 40 62
113 40 37
113 40 23
