71 52 18
71 52 32
71 52 50
71 18 32
71 18 52
71 18 50
71 32 52
71 32 18
71 32 50
71 50 52
71 50 18
71 50 32
71 38 33
71 38 26
71 38 23
71 33 26
71 33 38
71 33 23
71 26 38
71 26 33
71 26 23
71 23 38
71 23 33
71 23 26
71 29 18
71 29 27
71 29 34
71 18 27
71 18 29
71 18 34
71 27 29
71 27 18
71 27 34
71 34 29
71 34 18
71 34 27
71 33 50
71 33 57
71 33 62
71 50 57
71 50 33
71 50 62
71 57 33
71 57 50
71 57 62
71 62 33
71 62 50
71 62 57
71 41 27
71 41 36
71 41 35
71 27 36
71 27 41
71 27 35
71 36 41
71 36 27
71 36 35
71 35 41
71 35 27
71 35 36
