69 513 376
69 513 255
69 513 316
69 376 255
69 376 513
69 376 316
69 255 513
69 255 376
69 255 316
69 316 513
69 316 376
69 316 255
69 507 272
69 507 237
69 507 288
69 272 237
69 272 507
69 272 288
69 237 507
69 237 272
69 237 288
69 288 507
69 288 272
69 288 237
69 466 282
69 466 291
69 466 318
69 282 291
69 282 466
69 282 318
69 291 466
69 291 282
69 291 318
69 318 466
69 318 282
69 318 291
69 411 281
69 411 343
69 411 319
69 281 343
69 281 411
69 281 319
69 343 411
69 343 281
69 343 319
69 319 411
69 319 281
69 319 343
69 537 302
69 537 255
69 537 409
69 302 255
69 302 537
69 302 409
69 255 537
69 255 302
69 255 409
69 409 537
69 409 302
69 409 255
