107 177 259
107 177 284
107 177 342
107 259 284
107 259 177
107 259 342
107 284 177
107 284 259
107 284 342
107 342 177
107 342 259
107 342 284
107 173 300
107 173 283
107 173 321
107 300 283
107 300 173
107 300 321
107 283 173
107 283 300
107 283 321
107 321 173
107 321 300
107 321 283
107 177 397
107 177 395
107 177 382
107 397 395
107 397 177
107 397 382
107 395 177
107 395 397
107 395 382
107 382 177
107 382 397
107 382 395
107 143 372
107 143 343
107 143 331
107 372 343
107 372 143
107 372 331
107 343 143
107 343 372
107 343 331
107 331 143
107 331 372
107 331 343
107 157 285
107 157 347
107 157 308
107 285 347
107 285 157
107 285 308
107 347 157
107 347 285
107 347 308
107 308 157
107 308 285
107 308 347
