54 63 224
54 63 213
54 63 230
54 224 213
54 224 63
54 224 230
54 213 63
54 213 224
54 213 230
54 230 63
54 230 224
54 230 213
54 90 309
54 90 299
54 90 278
54 309 299
54 309 90
54 309 278
54 299 90
54 299 309
54 299 278
54 278 90
54 278 309
54 278 299
54 65 243
54 65 240
54 65 230
54 243 240
54 243 65
54 243 230
54 240 65
54 240 243
54 240 230
54 230 65
54 230 243
54 230 240
54 63 156
54 63 170
54 63 183
54 156 170
54 156 63
54 156 183
54 170 63
54 170 156
54 170 183
54 183 63
54 183 156
54 183 170
54 74 83
54 74 112
54 74 111
54 83 112
54 83 74
54 83 111
54 112 74
54 112 83
54 112 111
54 111 74
54 111 83
54 111 112
