55 47 239
55 47 189
55 47 189
55 239 189
55 239 47
55 239 189
55 189 47
55 189 239
55 189 189
55 189 47
55 189 239
55 189 189
55 43 233
55 43 164
55 43 224
55 233 164
55 233 43
55 233 224
55 164 43
55 164 233
55 164 224
55 224 43
55 224 233
55 224 164
55 48 112
55 48 167
55 48 119
55 112 167
55 112 48
55 112 119
55 167 48
55 167 112
55 167 119
55 119 48
55 119 112
55 119 167
55 53 94
55 53 94
55 53 66
55 94 94
55 94 53
55 94 66
55 94 53
55 94 94
55 94 66
55 66 53
55 66 94
55 66 94
55 51 118
55 51 82
55 51 160
55 118 82
55 118 51
55 118 160
55 82 51
55 82 118
55 82 160
55 160 51
55 160 118
55 160 82
