120 167 54
120 167 39
120 167 55
120 54 39
120 54 167
120 54 55
120 39 167
120 39 54
120 39 55
120 55 167
120 55 54
120 55 39
120 132 58
120 132 70
120 132 85
120 58 70
120 58 132
120 58 85
120 70 132
120 70 58
120 70 85
120 85 132
120 85 58
120 85 70
120 140 58
120 140 51
120 140 53
120 58 51
120 58 140
120 58 53
120 51 140
120 51 58
120 51 53
120 53 140
120 53 58
120 53 51
120 96 46
120 96 54
120 96 75
120 46 54
120 46 96
120 46 75
120 54 96
120 54 46
120 54 75
120 75 96
120 75 46
120 75 54
120 92 48
120 92 48
120 92 50
120 48 48
120 48 92
120 48 50
120 48 92
120 48 48
120 48 50
120 50 92
120 50 48
120 50 48
