111 109 148
111 109 122
111 109 142
111 148 122
111 148 109
111 148 142
111 122 109
111 122 148
111 122 142
111 142 109
111 142 148
111 142 122
111 104 146
111 104 172
111 104 173
111 146 172
111 146 104
111 146 173
111 172 104
111 172 146
111 172 173
111 173 104
111 173 146
111 173 172
111 114 122
111 114 143
111 114 132
111 122 143
111 122 114
111 122 132
111 143 114
111 143 122
111 143 132
111 132 114
111 132 122
111 132 143
111 116 106
111 116 116
111 116 118
111 106 116
111 106 116
111 106 118
111 116 116
111 116 106
111 116 118
111 118 116
111 118 106
111 118 116
111 96 129
111 96 121
111 96 86
111 129 121
111 129 96
111 129 86
111 121 96
111 121 129
111 121 86
111 86 96
111 86 129
111 86 121
