71 225 194
71 225 260
71 225 187
71 194 260
71 194 225
71 194 187
71 260 225
71 260 194
71 260 187
71 187 225
71 187 194
71 187 260
71 198 148
71 198 138
71 198 280
71 148 138
71 148 198
71 148 280
71 138 198
71 138 148
71 138 280
71 280 198
71 280 148
71 280 138
71 177 241
71 177 172
71 177 200
71 241 172
71 241 177
71 241 200
71 172 177
71 172 241
71 172 200
71 200 177
71 200 241
71 200 172
71 198 177
71 198 165
71 198 215
71 177 165
71 177 198
71 177 215
71 165 198
71 165 177
71 165 215
71 215 198
71 215 177
71 215 165
71 206 191
71 206 159
71 206 144
71 191 159
71 191 206
71 191 144
71 159 206
71 159 191
71 159 144
71 144 206
71 144 191
71 144 159
