71 83 68
71 83 50
71 83 76
71 68 50
71 68 83
71 68 76
71 50 83
71 50 68
71 50 76
71 76 83
71 76 68
71 76 50
71 94 53
71 94 56
71 94 45
71 53 56
71 53 94
71 53 45
71 56 94
71 56 53
71 56 45
71 45 94
71 45 53
71 45 56
71 67 68
71 67 71
71 67 57
71 68 71
71 68 67
71 68 57
71 71 67
71 71 68
71 71 57
71 57 67
71 57 68
71 57 71
71 84 119
71 84 69
71 84 44
71 119 69
71 119 84
71 119 44
71 69 84
71 69 119
71 69 44
71 44 84
71 44 119
71 44 69
71 63 60
71 63 62
71 63 59
71 60 62
71 60 63
71 60 59
71 62 63
71 62 60
71 62 59
71 59 63
71 59 60
71 59 62
