42 36 117
42 36 100
42 36 96
42 117 100
42 117 36
42 117 96
42 100 36
42 100 117
42 100 96
42 96 36
42 96 117
42 96 100
42 36 58
42 36 63
42 36 65
42 58 63
42 58 36
42 58 65
42 63 36
42 63 58
42 63 65
42 65 36
42 65 58
42 65 63
42 41 107
42 41 103
42 41 101
42 107 103
42 107 41
42 107 101
42 103 41
42 103 107
42 103 101
42 101 41
42 101 107
42 101 103
42 50 126
42 50 122
42 50 127
42 126 122
42 126 50
42 126 127
42 122 50
42 122 126
42 122 127
42 127 50
42 127 126
42 127 122
42 64 195
42 64 205
42 64 170
42 195 205
42 195 64
42 195 170
42 205 64
42 205 195
42 205 170
42 170 64
42 170 195
42 170 205
