42 66 119
42 66 121
42 66 156
42 119 121
42 119 66
42 119 156
42 121 66
42 121 119
42 121 156
42 156 66
42 156 119
42 156 121
42 31 95
42 31 108
42 31 110
42 95 108
42 95 31
42 95 110
42 108 31
42 108 95
42 108 110
42 110 31
42 110 95
42 110 108
42 87 162
42 87 157
42 87 184
42 162 157
42 162 87
42 162 184
42 157 87
42 157 162
42 157 184
42 184 87
42 184 162
42 184 157
42 129 216
42 129 256
42 129 241
42 216 256
42 216 129
42 216 241
42 256 129
42 256 216
42 256 241
42 241 129
42 241 216
42 241 256
42 79 254
42 79 280
42 79 317
42 254 280
42 254 79
42 254 317
42 280 79
42 280 254
42 280 317
42 317 79
42 317 254
42 317 280
