126 116 97
126 116 83
126 116 103
126 97 83
126 97 116
126 97 103
126 83 116
126 83 97
126 83 103
126 103 116
126 103 97
126 103 83
126 116 80
126 116 85
126 116 92
126 80 85
126 80 116
126 80 92
126 85 116
126 85 80
126 85 92
126 92 116
126 92 80
126 92 85
126 92 133
126 92 137
126 92 79
126 133 137
126 133 92
126 133 79
126 137 92
126 137 133
126 137 79
126 79 92
126 79 133
126 79 137
126 154 89
126 154 97
126 154 109
126 89 97
126 89 154
126 89 109
126 97 154
126 97 89
126 97 109
126 109 154
126 109 89
126 109 97
126 97 101
126 97 111
126 97 168
126 101 111
126 101 97
126 101 168
126 111 97
126 111 101
126 111 168
126 168 97
126 168 101
126 168 111
