122 217 187
122 217 161
122 217 201
122 187 161
122 187 217
122 187 201
122 161 217
122 161 187
122 161 201
122 201 217
122 201 187
122 201 161
122 259 179
122 259 166
122 259 145
122 179 166
122 179 259
122 179 145
122 166 259
122 166 179
122 166 145
122 145 259
122 145 179
122 145 166
122 165 163
122 165 141
122 165 151
122 163 141
122 163 165
122 163 151
122 141 165
122 141 163
122 141 151
122 151 165
122 151 163
122 151 141
122 231 122
122 231 163
122 231 215
122 122 163
122 122 231
122 122 215
122 163 231
122 163 122
122 163 215
122 215 231
122 215 122
122 215 163
122 189 152
122 189 130
122 189 180
122 152 130
122 152 189
122 152 180
122 130 189
122 130 152
122 130 180
122 180 189
122 180 152
122 180 130
