116 296 235
116 296 243
116 296 259
116 235 243
116 235 296
116 235 259
116 243 296
116 243 235
116 243 259
116 259 296
116 259 235
116 259 243
116 249 239
116 249 298
116 249 191
116 239 298
116 239 249
116 239 191
116 298 249
116 298 239
116 298 191
116 191 249
116 191 239
116 191 298
116 257 190
116 257 192
116 257 243
116 190 192
116 190 257
116 190 243
116 192 257
116 192 190
116 192 243
116 243 257
116 243 190
116 243 192
116 270 208
116 270 197
116 270 179
116 208 197
116 208 270
116 208 179
116 197 270
116 197 208
116 197 179
116 179 270
116 179 208
116 179 197
116 182 150
116 182 169
116 182 192
116 150 169
116 150 182
116 150 192
116 169 182
116 169 150
116 169 192
116 192 182
116 192 150
116 192 169
