103 420 263
103 420 281
103 420 315
103 263 281
103 263 420
103 263 315
103 281 420
103 281 263
103 281 315
103 315 420
103 315 263
103 315 281
103 319 211
103 319 233
103 319 264
103 211 233
103 211 319
103 211 264
103 233 319
103 233 211
103 233 264
103 264 319
103 264 211
103 264 233
103 349 312
103 349 281
103 349 290
103 312 281
103 312 349
103 312 290
103 281 349
103 281 312
103 281 290
103 290 349
103 290 312
103 290 281
103 394 364
103 394 310
103 394 406
103 364 310
103 364 394
103 364 406
103 310 394
103 310 364
103 310 406
103 406 394
103 406 364
103 406 310
103 350 440
103 350 458
103 350 446
103 440 458
103 440 350
103 440 446
103 458 350
103 458 440
103 458 446
103 446 350
103 446 440
103 446 458
