68 86 74
68 86 70
68 86 70
68 74 70
68 74 86
68 74 70
68 70 86
68 70 74
68 70 70
68 70 86
68 70 74
68 70 70
68 83 80
68 83 106
68 83 92
68 80 106
68 80 83
68 80 92
68 106 83
68 106 80
68 106 92
68 92 83
68 92 80
68 92 106
68 128 92
68 128 68
68 128 106
68 92 68
68 92 128
68 92 106
68 68 128
68 68 92
68 68 106
68 106 128
68 106 92
68 106 68
68 86 80
68 86 68
68 86 99
68 80 68
68 80 86
68 80 99
68 68 86
68 68 80
68 68 99
68 99 86
68 99 80
68 99 68
68 86 110
68 86 75
68 86 66
68 110 75
68 110 86
68 110 66
68 75 86
68 75 110
68 75 66
68 66 86
68 66 110
68 66 75
