99 343 227
99 343 222
99 343 235
99 227 222
99 227 343
99 227 235
99 222 343
99 222 227
99 222 235
99 235 343
99 235 227
99 235 222
99 344 213
99 344 180
99 344 242
99 213 180
99 213 344
99 213 242
99 180 344
99 180 213
99 180 242
99 242 344
99 242 213
99 242 180
99 356 254
99 356 253
99 356 287
99 254 253
99 254 356
99 254 287
99 253 356
99 253 254
99 253 287
99 287 356
99 287 254
99 287 253
99 388 216
99 388 219
99 388 197
99 216 219
99 216 388
99 216 197
99 219 388
99 219 216
99 219 197
99 197 388
99 197 216
99 197 219
99 319 211
99 319 233
99 319 264
99 211 233
99 211 319
99 211 264
99 233 319
99 233 211
99 233 264
99 264 319
99 264 211
99 264 233
