79 135 72
79 135 59
79 135 79
79 72 59
79 72 135
79 72 79
79 59 135
79 59 72
79 59 79
79 79 135
79 79 72
79 79 59
79 182 62
79 182 59
79 182 80
79 62 59
79 62 182
79 62 80
79 59 182
79 59 62
79 59 80
79 80 182
79 80 62
79 80 59
79 166 80
79 166 82
79 166 77
79 80 82
79 80 166
79 80 77
79 82 166
79 82 80
79 82 77
79 77 166
79 77 80
79 77 82
79 158 65
79 158 65
79 158 95
79 65 65
79 65 158
79 65 95
79 65 158
79 65 65
79 65 95
79 95 158
79 95 65
79 95 65
79 171 44
79 171 60
79 171 86
79 44 60
79 44 171
79 44 86
79 60 171
79 60 44
79 60 86
79 86 171
79 86 44
79 86 60
