122 204 525
122 204 558
122 204 536
122 525 558
122 525 204
122 525 536
122 558 204
122 558 525
122 558 536
122 536 204
122 536 525
122 536 558
122 202 439
122 202 463
122 202 445
122 439 463
122 439 202
122 439 445
122 463 202
122 463 439
122 463 445
122 445 202
122 445 439
122 445 463
122 204 473
122 204 495
122 204 486
122 473 495
122 473 204
122 473 486
122 495 204
122 495 473
122 495 486
122 486 204
122 486 473
122 486 495
122 198 518
122 198 493
122 198 485
122 518 493
122 518 198
122 518 485
122 493 198
122 493 518
122 493 485
122 485 198
122 485 518
122 485 493
122 177 490
122 177 504
122 177 512
122 490 504
122 490 177
122 490 512
122 504 177
122 504 490
122 504 512
122 512 177
122 512 490
122 512 504
