46 181 190
46 181 174
46 181 204
46 190 174
46 190 181
46 190 204
46 174 181
46 174 190
46 174 204
46 204 181
46 204 190
46 204 174
46 112 132
46 112 184
46 112 168
46 132 184
46 132 112
46 132 168
46 184 112
46 184 132
46 184 168
46 168 112
46 168 132
46 168 184
46 151 353
46 151 285
46 151 318
46 353 285
46 353 151
46 353 318
46 285 151
46 285 353
46 285 318
46 318 151
46 318 353
46 318 285
46 121 304
46 121 338
46 121 345
46 304 338
46 304 121
46 304 345
46 338 121
46 338 304
46 338 345
46 345 121
46 345 304
46 345 338
46 113 316
46 113 332
46 113 408
46 316 332
46 316 113
46 316 408
46 332 113
46 332 316
46 332 408
46 408 113
46 408 316
46 408 332
