130 161 357
130 161 419
130 161 432
130 357 419
130 357 161
130 357 432
130 419 161
130 419 357
130 419 432
130 432 161
130 432 357
130 432 419
130 169 503
130 169 435
130 169 507
130 503 435
130 503 169
130 503 507
130 435 169
130 435 503
130 435 507
130 507 169
130 507 503
130 507 435
130 145 388
130 145 342
130 145 366
130 388 342
130 388 145
130 388 366
130 342 145
130 342 388
130 342 366
130 366 145
130 366 388
130 366 342
130 111 261
130 111 302
130 111 303
130 261 302
130 261 111
130 261 303
130 302 111
130 302 261
130 302 303
130 303 111
130 303 261
130 303 302
130 82 293
130 82 269
130 82 268
130 293 269
130 293 82
130 293 268
130 269 82
130 269 293
130 269 268
130 268 82
130 268 293
130 268 269
