44 61 228
44 61 214
44 61 233
44 228 214
44 228 61
44 228 233
44 214 61
44 214 228
44 214 233
44 233 61
44 233 228
44 233 214
44 60 162
44 60 180
44 60 190
44 162 180
44 162 60
44 162 190
44 180 60
44 180 162
44 180 190
44 190 60
44 190 162
44 190 180
44 95 311
44 95 297
44 95 337
44 311 297
44 311 95
44 311 337
44 297 95
44 297 311
44 297 337
44 337 95
44 337 311
44 337 297
44 76 374
44 76 325
44 76 404
44 374 325
44 374 76
44 374 404
44 325 76
44 325 374
44 325 404
44 404 76
44 404 374
44 404 325
44 104 455
44 104 464
44 104 472
44 455 464
44 455 104
44 455 472
44 464 104
44 464 455
44 464 472
44 472 104
44 472 455
44 472 464
