134 47 95
134 47 117
134 47 80
134 95 117
134 95 47
134 95 80
134 117 47
134 117 95
134 117 80
134 80 47
134 80 95
134 80 117
134 54 79
134 54 103
134 54 93
134 79 103
134 79 54
134 79 93
134 103 54
134 103 79
134 103 93
134 93 54
134 93 79
134 93 103
134 30 63
134 30 148
134 30 64
134 63 148
134 63 30
134 63 64
134 148 30
134 148 63
134 148 64
134 64 30
134 64 63
134 64 148
134 23 39
134 23 104
134 23 73
134 39 104
134 39 23
134 39 73
134 104 23
134 104 39
134 104 73
134 73 23
134 73 39
134 73 104
134 29 47
134 29 53
134 29 55
134 47 53
134 47 29
134 47 55
134 53 29
134 53 47
134 53 55
134 55 29
134 55 47
134 55 53
