135 173 91
135 173 102
135 173 81
135 91 102
135 91 173
135 91 81
135 102 173
135 102 91
135 102 81
135 81 173
135 81 91
135 81 102
135 160 99
135 160 83
135 160 108
135 99 83
135 99 160
135 99 108
135 83 160
135 83 99
135 83 108
135 108 160
135 108 99
135 108 83
135 124 88
135 124 55
135 124 84
135 88 55
135 88 124
135 88 84
135 55 124
135 55 88
135 55 84
135 84 124
135 84 88
135 84 55
135 138 68
135 138 93
135 138 115
135 68 93
135 68 138
135 68 115
135 93 138
135 93 68
135 93 115
135 115 138
135 115 68
135 115 93
135 160 72
135 160 63
135 160 51
135 72 63
135 72 160
135 72 51
135 63 160
135 63 72
135 63 51
135 51 160
135 51 72
135 51 63
