103 269 189
103 269 169
103 269 192
103 189 169
103 189 269
103 189 192
103 169 269
103 169 189
103 169 192
103 192 269
103 192 189
103 192 169
103 302 153
103 302 140
103 302 190
103 153 140
103 153 302
103 153 190
103 140 302
103 140 153
103 140 190
103 190 302
103 190 153
103 190 140
103 267 247
103 267 254
103 267 222
103 247 254
103 247 267
103 247 222
103 254 267
103 254 247
103 254 222
103 222 267
103 222 247
103 222 254
103 390 158
103 390 197
103 390 211
103 158 197
103 158 390
103 158 211
103 197 390
103 197 158
103 197 211
103 211 390
103 211 158
103 211 197
103 289 214
103 289 215
103 289 181
103 214 215
103 214 289
103 214 181
103 215 289
103 215 214
103 215 181
103 181 289
103 181 214
103 181 215
