126 110 91
126 110 94
126 110 100
126 91 94
126 91 110
126 91 100
126 94 110
126 94 91
126 94 100
126 100 110
126 100 91
126 100 94
126 93 79
126 93 79
126 93 121
126 79 79
126 79 93
126 79 121
126 79 93
126 79 79
126 79 121
126 121 93
126 121 79
126 121 79
126 86 68
126 86 80
126 86 99
126 68 80
126 68 86
126 68 99
126 80 86
126 80 68
126 80 99
126 99 86
126 99 68
126 99 80
126 90 92
126 90 84
126 90 85
126 92 84
126 92 90
126 92 85
126 84 90
126 84 92
126 84 85
126 85 90
126 85 92
126 85 84
126 95 86
126 95 85
126 95 93
126 86 85
126 86 95
126 86 93
126 85 95
126 85 86
126 85 93
126 93 95
126 93 86
126 93 85
