116 202 535
116 202 632
116 202 556
116 535 632
116 535 202
116 535 556
116 632 202
116 632 535
116 632 556
116 556 202
116 556 535
116 556 632
116 228 614
116 228 623
116 228 627
116 614 623
116 614 228
116 614 627
116 623 228
116 623 614
116 623 627
116 627 228
116 627 614
116 627 623
116 193 487
116 193 530
116 193 487
116 487 530
116 487 193
116 487 487
116 530 193
116 530 487
116 530 487
116 487 193
116 487 487
116 487 530
116 198 520
116 198 522
116 198 424
116 520 522
116 520 198
116 520 424
116 522 198
116 522 520
116 522 424
116 424 198
116 424 520
116 424 522
116 196 498
116 196 477
116 196 487
116 498 477
116 498 196
116 498 487
116 477 196
116 477 498
116 477 487
116 487 196
116 487 498
116 487 477
