87 211 43
87 211 65
87 211 90
87 43 65
87 43 211
87 43 90
87 65 211
87 65 43
87 65 90
87 90 211
87 90 43
87 90 65
87 148 50
87 148 61
87 148 99
87 50 61
87 50 148
87 50 99
87 61 148
87 61 50
87 61 99
87 99 148
87 99 50
87 99 61
87 201 89
87 201 77
87 201 73
87 89 77
87 89 201
87 89 73
87 77 201
87 77 89
87 77 73
87 73 201
87 73 89
87 73 77
87 201 67
87 201 71
87 201 70
87 67 71
87 67 201
87 67 70
87 71 201
87 71 67
87 71 70
87 70 201
87 70 67
87 70 71
87 228 69
87 228 63
87 228 72
87 69 63
87 69 228
87 69 72
87 63 228
87 63 69
87 63 72
87 72 228
87 72 69
87 72 63
