60 40 28
60 40 19
60 40 34
60 28 19
60 28 40
60 28 34
60 19 40
60 19 28
60 19 34
60 34 40
60 34 28
60 34 19
60 19 36
60 19 30
60 19 32
60 36 30
60 36 19
60 36 32
60 30 19
60 30 36
60 30 32
60 32 19
60 32 36
60 32 30
60 36 23
60 36 22
60 36 24
60 23 22
60 23 36
60 23 24
60 22 36
60 22 23
60 22 24
60 24 36
60 24 23
60 24 22
60 32 27
60 32 25
60 32 30
60 27 25
60 27 32
60 27 30
60 25 32
60 25 27
60 25 30
60 30 32
60 30 27
60 30 25
60 9 30
60 9 24
60 9 26
60 30 24
60 30 9
60 30 26
60 24 9
60 24 30
60 24 26
60 26 9
60 26 30
60 26 24
