74 206 191
74 206 159
74 206 144
74 191 159
74 191 206
74 191 144
74 159 206
74 159 191
74 159 144
74 144 206
74 144 191
74 144 159
74 198 177
74 198 165
74 198 215
74 177 165
74 177 198
74 177 215
74 165 198
74 165 177
74 165 215
74 215 198
74 215 177
74 215 165
74 206 129
74 206 159
74 206 298
74 129 159
74 129 206
74 129 298
74 159 206
74 159 129
74 159 298
74 298 206
74 298 129
74 298 159
74 174 259
74 174 251
74 174 251
74 259 251
74 259 174
74 259 251
74 251 174
74 251 259
74 251 251
74 251 174
74 251 259
74 251 251
74 275 224
74 275 208
74 275 227
74 224 208
74 224 275
74 224 227
74 208 275
74 208 224
74 208 227
74 227 275
74 227 224
74 227 208
