139 39 22
139 39 28
139 39 31
139 22 28
139 22 39
139 22 31
139 28 39
139 28 22
139 28 31
139 31 39
139 31 22
139 31 28
139 41 42
139 41 32
139 41 58
139 42 32
139 42 41
139 42 58
139 32 41
139 32 42
139 32 58
139 58 41
139 58 42
139 58 32
139 27 13
139 27 16
139 27 19
139 13 16
139 13 27
139 13 19
139 16 27
139 16 13
139 16 19
139 19 27
139 19 13
139 19 16
139 30 19
139 30 9
139 30 31
139 19 9
139 19 30
139 19 31
139 9 30
139 9 19
139 9 31
139 31 30
139 31 19
139 31 9
139 12 0
139 12 4
139 12 6
139 0 4
139 0 12
139 0 6
139 4 12
139 4 0
139 4 6
139 6 12
139 6 0
139 6 4
