110 146 455
110 146 379
110 146 435
110 455 379
110 455 146
110 455 435
110 379 146
110 379 455
110 379 435
110 435 146
110 435 455
110 435 379
110 152 428
110 152 391
110 152 415
110 428 391
110 428 152
110 428 415
110 391 152
110 391 428
110 391 415
110 415 152
110 415 428
110 415 391
110 153 478
110 153 500
110 153 536
110 478 500
110 478 153
110 478 536
110 500 153
110 500 478
110 500 536
110 536 153
110 536 478
110 536 500
110 131 443
110 131 490
110 131 430
110 443 490
110 443 131
110 443 430
110 490 131
110 490 443
110 490 430
110 430 131
110 430 443
110 430 490
110 91 414
110 91 333
110 91 387
110 414 333
110 414 91
110 414 387
110 333 91
110 333 414
110 333 387
110 387 91
110 387 414
110 387 333
