93 174 154
93 174 132
93 174 175
93 154 132
93 154 174
93 154 175
93 132 174
93 132 154
93 132 175
93 175 174
93 175 154
93 175 132
93 170 169
93 170 149
93 170 148
93 169 149
93 169 170
93 169 148
93 149 170
93 149 169
93 149 148
93 148 170
93 148 169
93 148 149
93 169 188
93 169 178
93 169 161
93 188 178
93 188 169
93 188 161
93 178 169
93 178 188
93 178 161
93 161 169
93 161 188
93 161 178
93 155 200
93 155 183
93 155 178
93 200 183
93 200 155
93 200 178
93 183 155
93 183 200
93 183 178
93 178 155
93 178 200
93 178 183
93 168 159
93 168 141
93 168 172
93 159 141
93 159 168
93 159 172
93 141 168
93 141 159
93 141 172
93 172 168
93 172 159
93 172 141
