63 488 454
63 488 431
63 488 542
63 454 431
63 454 488
63 454 542
63 431 488
63 431 454
63 431 542
63 542 488
63 542 454
63 542 431
63 516 325
63 516 587
63 516 594
63 325 587
63 325 516
63 325 594
63 587 516
63 587 325
63 587 594
63 594 516
63 594 325
63 594 587
63 483 404
63 483 458
63 483 687
63 404 458
63 404 483
63 404 687
63 458 483
63 458 404
63 458 687
63 687 483
63 687 404
63 687 458
63 546 329
63 546 425
63 546 558
63 329 425
63 329 546
63 329 558
63 425 546
63 425 329
63 425 558
63 558 546
63 558 329
63 558 425
63 630 338
63 630 374
63 630 467
63 338 374
63 338 630
63 338 467
63 374 630
63 374 338
63 374 467
63 467 630
63 467 338
63 467 374
