135 8 6
135 8 10
135 8 10
135 6 10
135 6 8
135 6 10
135 10 8
135 10 6
135 10 10
135 10 8
135 10 6
135 10 10
135 10 8
135 10 7
135 10 12
135 8 7
135 8 10
135 8 12
135 7 10
135 7 8
135 7 12
135 12 10
135 12 8
135 12 7
135 12 8
135 12 7
135 12 12
135 8 7
135 8 12
135 8 12
135 7 12
135 7 8
135 7 12
135 12 12
135 12 8
135 12 7
135 4 11
135 4 5
135 4 8
135 11 5
135 11 4
135 11 8
135 5 4
135 5 11
135 5 8
135 8 4
135 8 11
135 8 5
135 3 3
135 3 0
135 3 0
135 3 0
135 3 3
135 3 0
135 0 3
135 0 3
135 0 0
135 0 3
135 0 3
135 0 0
