58 137 98
58 137 97
58 137 98
58 98 97
58 98 137
58 98 98
58 97 137
58 97 98
58 97 98
58 98 137
58 98 98
58 98 97
58 106 101
58 106 108
58 106 140
58 101 108
58 101 106
58 101 140
58 108 106
58 108 101
58 108 140
58 140 106
58 140 101
58 140 108
58 136 86
58 136 96
58 136 121
58 86 96
58 86 136
58 86 121
58 96 136
58 96 86
58 96 121
58 121 136
58 121 86
58 121 96
58 144 77
58 144 90
58 144 128
58 77 90
58 77 144
58 77 128
58 90 144
58 90 77
58 90 128
58 128 144
58 128 77
58 128 90
58 149 97
58 149 98
58 149 103
58 97 98
58 97 149
58 97 103
58 98 149
58 98 97
58 98 103
58 103 149
58 103 97
58 103 98
