67 135 48
67 135 68
67 135 76
67 48 68
67 48 135
67 48 76
67 68 135
67 68 48
67 68 76
67 76 135
67 76 48
67 76 68
67 102 67
67 102 43
67 102 72
67 67 43
67 67 102
67 67 72
67 43 102
67 43 67
67 43 72
67 72 102
67 72 67
67 72 43
67 171 48
67 171 54
67 171 56
67 48 54
67 48 171
67 48 56
67 54 171
67 54 48
67 54 56
67 56 171
67 56 48
67 56 54
67 138 55
67 138 54
67 138 82
67 55 54
67 55 138
67 55 82
67 54 138
67 54 55
67 54 82
67 82 138
67 82 55
67 82 54
67 134 51
67 134 46
67 134 70
67 51 46
67 51 134
67 51 70
67 46 134
67 46 51
67 46 70
67 70 134
67 70 51
67 70 46
