88 44 27
88 44 24
88 44 35
88 27 24
88 27 44
88 27 35
88 24 44
88 24 27
88 24 35
88 35 44
88 35 27
88 35 24
88 70 29
88 70 41
88 70 19
88 29 41
88 29 70
88 29 19
88 41 70
88 41 29
88 41 19
88 19 70
88 19 29
88 19 41
88 65 34
88 65 20
88 65 41
88 34 20
88 34 65
88 34 41
88 20 65
88 20 34
88 20 41
88 41 65
88 41 34
88 41 20
88 63 25
88 63 28
88 63 27
88 25 28
88 25 63
88 25 27
88 28 63
88 28 25
88 28 27
88 27 63
88 27 25
88 27 28
88 96 47
88 96 40
88 96 39
88 47 40
88 47 96
88 47 39
88 40 96
88 40 47
88 40 39
88 39 96
88 39 47
88 39 40
