59 513 473
59 513 478
59 513 573
59 473 478
59 473 513
59 473 573
59 478 513
59 478 473
59 478 573
59 573 513
59 573 473
59 573 478
59 505 481
59 505 583
59 505 844
59 481 583
59 481 505
59 481 844
59 583 505
59 583 481
59 583 844
59 844 505
59 844 481
59 844 583
59 457 422
59 457 649
59 457 669
59 422 649
59 422 457
59 422 669
59 649 457
59 649 422
59 649 669
59 669 457
59 669 422
59 669 649
59 488 371
59 488 405
59 488 819
59 371 405
59 371 488
59 371 819
59 405 488
59 405 371
59 405 819
59 819 488
59 819 371
59 819 405
59 516 325
59 516 587
59 516 594
59 325 587
59 325 516
59 325 594
59 587 516
59 587 325
59 587 594
59 594 516
59 594 325
59 594 587
