93 142 164
93 142 156
93 142 207
93 164 156
93 164 142
93 164 207
93 156 142
93 156 164
93 156 207
93 207 142
93 207 164
93 207 156
93 170 125
93 170 136
93 170 146
93 125 136
93 125 170
93 125 146
93 136 170
93 136 125
93 136 146
93 146 170
93 146 125
93 146 136
93 165 150
93 165 152
93 165 184
93 150 152
93 150 165
93 150 184
93 152 165
93 152 150
93 152 184
93 184 165
93 184 150
93 184 152
93 159 192
93 159 210
93 159 215
93 192 210
93 192 159
93 192 215
93 210 159
93 210 192
93 210 215
93 215 159
93 215 192
93 215 210
93 180 175
93 180 173
93 180 194
93 175 173
93 175 180
93 175 194
93 173 180
93 173 175
93 173 194
93 194 180
93 194 175
93 194 173
