91 96 47
91 96 40
91 96 39
91 47 40
91 47 96
91 47 39
91 40 96
91 40 47
91 40 39
91 39 96
91 39 47
91 39 40
91 63 25
91 63 28
91 63 27
91 25 28
91 25 63
91 25 27
91 28 63
91 28 25
91 28 27
91 27 63
91 27 25
91 27 28
91 77 38
91 77 26
91 77 47
91 38 26
91 38 77
91 38 47
91 26 77
91 26 38
91 26 47
91 47 77
91 47 38
91 47 26
91 76 39
91 76 25
91 76 44
91 39 25
91 39 76
91 39 44
91 25 76
91 25 39
91 25 44
91 44 76
91 44 39
91 44 25
91 65 32
91 65 35
91 65 32
91 32 35
91 32 65
91 32 32
91 35 65
91 35 32
91 35 32
91 32 65
91 32 32
91 32 35
