83 190 148
83 190 133
83 190 136
83 148 133
83 148 190
83 148 136
83 133 190
83 133 148
83 133 136
83 136 190
83 136 148
83 136 133
83 173 152
83 173 125
83 173 146
83 152 125
83 152 173
83 152 146
83 125 173
83 125 152
83 125 146
83 146 173
83 146 152
83 146 125
83 162 169
83 162 143
83 162 165
83 169 143
83 169 162
83 169 165
83 143 162
83 143 169
83 143 165
83 165 162
83 165 169
83 165 143
83 202 176
83 202 144
83 202 167
83 176 144
83 176 202
83 176 167
83 144 202
83 144 176
83 144 167
83 167 202
83 167 176
83 167 144
83 159 153
83 159 142
83 159 195
83 153 142
83 153 159
83 153 195
83 142 159
83 142 153
83 142 195
83 195 159
83 195 153
83 195 142
