113 246 821
113 246 913
113 246 846
113 821 913
113 821 246
113 821 846
113 913 246
113 913 821
113 913 846
113 846 246
113 846 821
113 846 913
113 258 1020
113 258 935
113 258 948
113 1020 935
113 1020 258
113 1020 948
113 935 258
113 935 1020
113 935 948
113 948 258
113 948 1020
113 948 935
113 202 676
113 202 854
113 202 855
113 676 854
113 676 202
113 676 855
113 854 202
113 854 676
113 854 855
113 855 202
113 855 676
113 855 854
113 228 614
113 228 623
113 228 627
113 614 623
113 614 228
113 614 627
113 623 228
113 623 614
113 623 627
113 627 228
113 627 614
113 627 623
113 202 535
113 202 632
113 202 556
113 535 632
113 535 202
113 535 556
113 632 202
113 632 535
113 632 556
113 556 202
113 556 535
113 556 632
