133 54 79
133 54 103
133 54 93
133 79 103
133 79 54
133 79 93
133 103 54
133 103 79
133 103 93
133 93 54
133 93 79
133 93 103
133 29 84
133 29 94
133 29 91
133 84 94
133 84 29
133 84 91
133 94 29
133 94 84
133 94 91
133 91 29
133 91 84
133 91 94
133 47 95
133 47 117
133 47 80
133 95 117
133 95 47
133 95 80
133 117 47
133 117 95
133 117 80
133 80 47
133 80 95
133 80 117
133 30 63
133 30 148
133 30 64
133 63 148
133 63 30
133 63 64
133 148 30
133 148 63
133 148 64
133 64 30
133 64 63
133 64 148
133 23 39
133 23 104
133 23 73
133 39 104
133 39 23
133 39 73
133 104 23
133 104 39
133 104 73
133 73 23
133 73 39
133 73 104
