91 157 79
91 157 112
91 157 117
91 79 112
91 79 157
91 79 117
91 112 157
91 112 79
91 112 117
91 117 157
91 117 79
91 117 112
91 161 129
91 161 108
91 161 115
91 129 108
91 129 161
91 129 115
91 108 161
91 108 129
91 108 115
91 115 161
91 115 129
91 115 108
91 175 68
91 175 85
91 175 134
91 68 85
91 68 175
91 68 134
91 85 175
91 85 68
91 85 134
91 134 175
91 134 68
91 134 85
91 151 59
91 151 78
91 151 131
91 59 78
91 59 151
91 59 131
91 78 151
91 78 59
91 78 131
91 131 151
91 131 59
91 131 78
91 174 81
91 174 102
91 174 103
91 81 102
91 81 174
91 81 103
91 102 174
91 102 81
91 102 103
91 103 174
91 103 81
91 103 102
