58 51 118
58 51 82
58 51 160
58 118 82
58 118 51
58 118 160
58 82 51
58 82 118
58 82 160
58 160 51
58 160 118
58 160 82
58 53 94
58 53 94
58 53 66
58 94 94
58 94 53
58 94 66
58 94 53
58 94 94
58 94 66
58 66 53
58 66 94
58 66 94
58 63 103
58 63 72
58 63 58
58 103 72
58 103 63
58 103 58
58 72 63
58 72 103
58 72 58
58 58 63
58 58 103
58 58 72
58 50 78
58 50 92
58 50 67
58 78 92
58 78 50
58 78 67
58 92 50
58 92 78
58 92 67
58 67 50
58 67 78
58 67 92
58 52 57
58 52 65
58 52 64
58 57 65
58 57 52
58 57 64
58 65 52
58 65 57
58 65 64
58 64 52
58 64 57
58 64 65
