98 399 153
98 399 116
98 399 181
98 153 116
98 153 399
98 153 181
98 116 399
98 116 153
98 116 181
98 181 399
98 181 153
98 181 116
98 245 119
98 245 132
98 245 122
98 119 132
98 119 245
98 119 122
98 132 245
98 132 119
98 132 122
98 122 245
98 122 119
98 122 132
98 315 119
98 315 122
98 315 141
98 119 122
98 119 315
98 119 141
98 122 315
98 122 119
98 122 141
98 141 315
98 141 119
98 141 122
98 325 138
98 325 170
98 325 159
98 138 170
98 138 325
98 138 159
98 170 325
98 170 138
98 170 159
98 159 325
98 159 138
98 159 170
98 303 132
98 303 136
98 303 176
98 132 136
98 132 303
98 132 176
98 136 303
98 136 132
98 136 176
98 176 303
98 176 132
98 176 136
