101 97 101
101 97 146
101 97 79
101 101 146
101 101 97
101 101 79
101 146 97
101 146 101
101 146 79
101 79 97
101 79 101
101 79 146
101 127 99
101 127 116
101 127 70
101 99 116
101 99 127
101 99 70
101 116 127
101 116 99
101 116 70
101 70 127
101 70 99
101 70 116
101 110 116
101 110 113
101 110 118
101 116 113
101 116 110
101 116 118
101 113 110
101 113 116
101 113 118
101 118 110
101 118 116
101 118 113
101 100 96
101 100 85
101 100 91
101 96 85
101 96 100
101 96 91
101 85 100
101 85 96
101 85 91
101 91 100
101 91 96
101 91 85
101 118 132
101 118 118
101 118 144
101 132 118
101 132 118
101 132 144
101 118 118
101 118 132
101 118 144
101 144 118
101 144 132
101 144 118
