67 93 95
67 93 63
67 93 62
67 95 63
67 95 93
67 95 62
67 63 93
67 63 95
67 63 62
67 62 93
67 62 95
67 62 63
67 84 76
67 84 58
67 84 79
67 76 58
67 76 84
67 76 79
67 58 84
67 58 76
67 58 79
67 79 84
67 79 76
67 79 58
67 82 67
67 82 81
67 82 120
67 67 81
67 67 82
67 67 120
67 81 82
67 81 67
67 81 120
67 120 82
67 120 67
67 120 81
67 80 64
67 80 81
67 80 106
67 64 81
67 64 80
67 64 106
67 81 80
67 81 64
67 81 106
67 106 80
67 106 64
67 106 81
67 86 57
67 86 73
67 86 72
67 57 73
67 57 86
67 57 72
67 73 86
67 73 57
67 73 72
67 72 86
67 72 57
67 72 73
