108 264 1123
108 264 1092
108 264 1164
108 1123 1092
108 1123 264
108 1123 1164
108 1092 264
108 1092 1123
108 1092 1164
108 1164 264
108 1164 1123
108 1164 1092
108 317 1227
108 317 1187
108 317 1234
108 1227 1187
108 1227 317
108 1227 1234
108 1187 317
108 1187 1227
108 1187 1234
108 1234 317
108 1234 1227
108 1234 1187
108 291 1008
108 291 994
108 291 1025
108 1008 994
108 1008 291
108 1008 1025
108 994 291
108 994 1008
108 994 1025
108 1025 291
108 1025 1008
108 1025 994
108 261 1041
108 261 1094
108 261 1123
108 1041 1094
108 1041 261
108 1041 1123
108 1094 261
108 1094 1041
108 1094 1123
108 1123 261
108 1123 1041
108 1123 1094
108 282 1099
108 282 1162
108 282 1149
108 1099 1162
108 1099 282
108 1099 1149
108 1162 282
108 1162 1099
108 1162 1149
108 1149 282
108 1149 1099
108 1149 1162
