60 159 142
60 159 162
60 159 156
60 142 162
60 142 159
60 142 156
60 162 159
60 162 142
60 162 156
60 156 159
60 156 142
60 156 162
60 129 149
60 129 180
60 129 135
60 149 180
60 149 129
60 149 135
60 180 129
60 180 149
60 180 135
60 135 129
60 135 149
60 135 180
60 166 169
60 166 129
60 166 140
60 169 129
60 169 166
60 169 140
60 129 166
60 129 169
60 129 140
60 140 166
60 140 169
60 140 129
60 205 140
60 205 169
60 205 119
60 140 169
60 140 205
60 140 119
60 169 205
60 169 140
60 169 119
60 119 205
60 119 140
60 119 169
60 139 135
60 139 119
60 139 154
60 135 119
60 135 139
60 135 154
60 119 139
60 119 135
60 119 154
60 154 139
60 154 135
60 154 119
