40 30 83
40 30 60
40 30 85
40 83 60
40 83 30
40 83 85
40 60 30
40 60 83
40 60 85
40 85 30
40 85 83
40 85 60
40 14 48
40 14 54
40 14 36
40 48 54
40 48 14
40 48 36
40 54 14
40 54 48
40 54 36
40 36 14
40 36 48
40 36 54
40 42 105
40 42 115
40 42 94
40 105 115
40 105 42
40 105 94
40 115 42
40 115 105
40 115 94
40 94 42
40 94 105
40 94 115
40 42 136
40 42 125
40 42 131
40 136 125
40 136 42
40 136 131
40 125 42
40 125 136
40 125 131
40 131 42
40 131 136
40 131 125
40 56 167
40 56 134
40 56 137
40 167 134
40 167 56
40 167 137
40 134 56
40 134 167
40 134 137
40 137 56
40 137 167
40 137 134
