123 82 73
123 82 66
123 82 77
123 73 66
123 73 82
123 73 77
123 66 82
123 66 73
123 66 77
123 77 82
123 77 73
123 77 66
123 86 119
123 86 111
123 86 113
123 119 111
123 119 86
123 119 113
123 111 86
123 111 119
123 111 113
123 113 86
123 113 119
123 113 111
123 92 85
123 92 98
123 92 105
123 85 98
123 85 92
123 85 105
123 98 92
123 98 85
123 98 105
123 105 92
123 105 85
123 105 98
123 69 92
123 69 59
123 69 83
123 92 59
123 92 69
123 92 83
123 59 69
123 59 92
123 59 83
123 83 69
123 83 92
123 83 59
123 98 108
123 98 99
123 98 108
123 108 99
123 108 98
123 108 108
123 99 98
123 99 108
123 99 108
123 108 98
123 108 108
123 108 99
