63 115 107
63 115 75
63 115 73
63 107 75
63 107 115
63 107 73
63 75 115
63 75 107
63 75 73
63 73 115
63 73 107
63 73 75
63 111 78
63 111 42
63 111 89
63 78 42
63 78 111
63 78 89
63 42 111
63 42 78
63 42 89
63 89 111
63 89 78
63 89 42
63 79 70
63 79 57
63 79 91
63 70 57
63 70 79
63 70 91
63 57 79
63 57 70
63 57 91
63 91 79
63 91 70
63 91 57
63 100 83
63 100 67
63 100 94
63 83 67
63 83 100
63 83 94
63 67 100
63 67 83
63 67 94
63 94 100
63 94 83
63 94 67
63 84 76
63 84 58
63 84 79
63 76 58
63 76 84
63 76 79
63 58 84
63 58 76
63 58 79
63 79 84
63 79 76
63 79 58
