125 123 97
125 123 85
125 123 129
125 97 85
125 97 123
125 97 129
125 85 123
125 85 97
125 85 129
125 129 123
125 129 97
125 129 85
125 222 84
125 222 104
125 222 98
125 84 104
125 84 222
125 84 98
125 104 222
125 104 84
125 104 98
125 98 222
125 98 84
125 98 104
125 97 141
125 97 150
125 97 114
125 141 150
125 141 97
125 141 114
125 150 97
125 150 141
125 150 114
125 114 97
125 114 141
125 114 150
125 103 131
125 103 85
125 103 229
125 131 85
125 131 103
125 131 229
125 85 103
125 85 131
125 85 229
125 229 103
125 229 131
125 229 85
125 230 79
125 230 78
125 230 142
125 79 78
125 79 230
125 79 142
125 78 230
125 78 79
125 78 142
125 142 230
125 142 79
125 142 78
