73 26 31
73 26 19
73 26 34
73 31 19
73 31 26
73 31 34
73 19 26
73 19 31
73 19 34
73 34 26
73 34 31
73 34 19
73 58 25
73 58 23
73 58 30
73 25 23
73 25 58
73 25 30
73 23 58
73 23 25
73 23 30
73 30 58
73 30 25
73 30 23
73 47 29
73 47 25
73 47 33
73 29 25
73 29 47
73 29 33
73 25 47
73 25 29
73 25 33
73 33 47
73 33 29
73 33 25
73 48 45
73 48 26
73 48 33
73 45 26
73 45 48
73 45 33
73 26 48
73 26 45
73 26 33
73 33 48
73 33 45
73 33 26
73 48 22
73 48 32
73 48 18
73 22 32
73 22 48
73 22 18
73 32 48
73 32 22
73 32 18
73 18 48
73 18 22
73 18 32
