105 181 370
105 181 340
105 181 376
105 370 340
105 370 181
105 370 376
105 340 181
105 340 370
105 340 376
105 376 181
105 376 370
105 376 340
105 222 374
105 222 435
105 222 438
105 374 435
105 374 222
105 374 438
105 435 222
105 435 374
105 435 438
105 438 222
105 438 374
105 438 435
105 188 419
105 188 419
105 188 431
105 419 419
105 419 188
105 419 431
105 419 188
105 419 419
105 419 431
105 431 188
105 431 419
105 431 419
105 219 677
105 219 580
105 219 633
105 677 580
105 677 219
105 677 633
105 580 219
105 580 677
105 580 633
105 633 219
105 633 677
105 633 580
105 204 560
105 204 614
105 204 569
105 560 614
105 560 204
105 560 569
105 614 204
105 614 560
105 614 569
105 569 204
105 569 560
105 569 614
