84 68 63
84 68 66
84 68 84
84 63 66
84 63 68
84 63 84
84 66 68
84 66 63
84 66 84
84 84 68
84 84 63
84 84 66
84 98 60
84 98 81
84 98 89
84 60 81
84 60 98
84 60 89
84 81 98
84 81 60
84 81 89
84 89 98
84 89 60
84 89 81
84 60 65
84 60 70
84 60 99
84 65 70
84 65 60
84 65 99
84 70 60
84 70 65
84 70 99
84 99 60
84 99 65
84 99 70
84 66 59
84 66 65
84 66 67
84 59 65
84 59 66
84 59 67
84 65 66
84 65 59
84 65 67
84 67 66
84 67 59
84 67 65
84 60 52
84 60 64
84 60 85
84 52 64
84 52 60
84 52 85
84 64 60
84 64 52
84 64 85
84 85 60
84 85 52
84 85 64
