68 76 116
68 76 92
68 76 108
68 116 92
68 116 76
68 116 108
68 92 76
68 92 116
68 92 108
68 108 76
68 108 116
68 108 92
68 77 105
68 77 104
68 77 110
68 105 104
68 105 77
68 105 110
68 104 77
68 104 105
68 104 110
68 110 77
68 110 105
68 110 104
68 75 88
68 75 83
68 75 115
68 88 83
68 88 75
68 88 115
68 83 75
68 83 88
68 83 115
68 115 75
68 115 88
68 115 83
68 82 137
68 82 115
68 82 139
68 137 115
68 137 82
68 137 139
68 115 82
68 115 137
68 115 139
68 139 82
68 139 137
68 139 115
68 91 94
68 91 71
68 91 81
68 94 71
68 94 91
68 94 81
68 71 91
68 71 94
68 71 81
68 81 91
68 81 94
68 81 71
