135 42 25
135 42 17
135 42 25
135 25 17
135 25 42
135 25 25
135 17 42
135 17 25
135 17 25
135 25 42
135 25 25
135 25 17
135 42 25
135 42 42
135 42 18
135 25 42
135 25 42
135 25 18
135 42 42
135 42 25
135 42 18
135 18 42
135 18 25
135 18 42
135 47 12
135 47 9
135 47 29
135 12 9
135 12 47
135 12 29
135 9 47
135 9 12
135 9 29
135 29 47
135 29 12
135 29 9
135 24 12
135 24 11
135 24 7
135 12 11
135 12 24
135 12 7
135 11 24
135 11 12
135 11 7
135 7 24
135 7 12
135 7 11
135 13 5
135 13 8
135 13 5
135 5 8
135 5 13
135 5 5
135 8 13
135 8 5
135 8 5
135 5 13
135 5 5
135 5 8
