43 45 72
43 45 59
43 45 53
43 72 59
43 72 45
43 72 53
43 59 45
43 59 72
43 59 53
43 53 45
43 53 72
43 53 59
43 57 45
43 57 53
43 57 51
43 45 53
43 45 57
43 45 51
43 53 57
43 53 45
43 53 51
43 51 57
43 51 45
43 51 53
43 60 93
43 60 91
43 60 105
43 93 91
43 93 60
43 93 105
43 91 60
43 91 93
43 91 105
43 105 60
43 105 93
43 105 91
43 68 100
43 68 124
43 68 102
43 100 124
43 100 68
43 100 102
43 124 68
43 124 100
43 124 102
43 102 68
43 102 100
43 102 124
43 69 169
43 69 183
43 69 190
43 169 183
43 169 69
43 169 190
43 183 69
43 183 169
43 183 190
43 190 69
43 190 169
43 190 183
