57 70 192
57 70 240
57 70 201
57 192 240
57 192 70
57 192 201
57 240 70
57 240 192
57 240 201
57 201 70
57 201 192
57 201 240
57 52 205
57 52 184
57 52 197
57 205 184
57 205 52
57 205 197
57 184 52
57 184 205
57 184 197
57 197 52
57 197 205
57 197 184
57 84 189
57 84 146
57 84 167
57 189 146
57 189 84
57 189 167
57 146 84
57 146 189
57 146 167
57 167 84
57 167 189
57 167 146
57 80 135
57 80 137
57 80 135
57 135 137
57 135 80
57 135 135
57 137 80
57 137 135
57 137 135
57 135 80
57 135 135
57 135 137
57 62 127
57 62 108
57 62 144
57 127 108
57 127 62
57 127 144
57 108 62
57 108 127
57 108 144
57 144 62
57 144 127
57 144 108
