136 162 108
136 162 123
136 162 137
136 108 123
136 108 162
136 108 137
136 123 162
136 123 108
136 123 137
136 137 162
136 137 108
136 137 123
136 137 280
136 137 259
136 137 150
136 280 259
136 280 137
136 280 150
136 259 137
136 259 280
136 259 150
136 150 137
136 150 280
136 150 259
136 218 163
136 218 148
136 218 178
136 163 148
136 163 218
136 163 178
136 148 218
136 148 163
136 148 178
136 178 218
136 178 163
136 178 148
136 104 100
136 104 110
136 104 154
136 100 110
136 100 104
136 100 154
136 110 104
136 110 100
136 110 154
136 154 104
136 154 100
136 154 110
136 90 57
136 90 78
136 90 96
136 57 78
136 57 90
136 57 96
136 78 90
136 78 57
136 78 96
136 96 90
136 96 57
136 96 78
