78 92 160
78 92 117
78 92 150
78 160 117
78 160 92
78 160 150
78 117 92
78 117 160
78 117 150
78 150 92
78 150 160
78 150 117
78 116 139
78 116 149
78 116 133
78 139 149
78 139 116
78 139 133
78 149 116
78 149 139
78 149 133
78 133 116
78 133 139
78 133 149
78 113 145
78 113 134
78 113 147
78 145 134
78 145 113
78 145 147
78 134 113
78 134 145
78 134 147
78 147 113
78 147 145
78 147 134
78 146 143
78 146 136
78 146 160
78 143 136
78 143 146
78 143 160
78 136 146
78 136 143
78 136 160
78 160 146
78 160 143
78 160 136
78 123 158
78 123 146
78 123 128
78 158 146
78 158 123
78 158 128
78 146 123
78 146 158
78 146 128
78 128 123
78 128 158
78 128 146
