74 100 140
74 100 131
74 100 127
74 140 131
74 140 100
74 140 127
74 131 100
74 131 140
74 131 127
74 127 100
74 127 140
74 127 131
74 128 135
74 128 121
74 128 124
74 135 121
74 135 128
74 135 124
74 121 128
74 121 135
74 121 124
74 124 128
74 124 135
74 124 121
74 105 115
74 105 109
74 105 116
74 115 109
74 115 105
74 115 116
74 109 105
74 109 115
74 109 116
74 116 105
74 116 115
74 116 109
74 128 110
74 128 113
74 128 143
74 110 113
74 110 128
74 110 143
74 113 128
74 113 110
74 113 143
74 143 128
74 143 110
74 143 113
74 153 127
74 153 124
74 153 121
74 127 124
74 127 153
74 127 121
74 124 153
74 124 127
74 124 121
74 121 153
74 121 127
74 121 124
