51 41 167
51 41 185
51 41 179
51 167 185
51 167 41
51 167 179
51 185 41
51 185 167
51 185 179
51 179 41
51 179 167
51 179 185
51 50 131
51 50 104
51 50 137
51 131 104
51 131 50
51 131 137
51 104 50
51 104 131
51 104 137
51 137 50
51 137 131
51 137 104
51 40 172
51 40 174
51 40 149
51 172 174
51 172 40
51 172 149
51 174 40
51 174 172
51 174 149
51 149 40
51 149 172
51 149 174
51 46 234
51 46 237
51 46 227
51 234 237
51 234 46
51 234 227
51 237 46
51 237 234
51 237 227
51 227 46
51 227 234
51 227 237
51 31 111
51 31 118
51 31 94
51 111 118
51 111 31
51 111 94
51 118 31
51 118 111
51 118 94
51 94 31
51 94 111
51 94 118
