50 41 199
50 41 194
50 41 214
50 199 194
50 199 41
50 199 214
50 194 41
50 194 199
50 194 214
50 214 41
50 214 199
50 214 194
50 22 122
50 22 128
50 22 119
50 122 128
50 122 22
50 122 119
50 128 22
50 128 122
50 128 119
50 119 22
50 119 122
50 119 128
50 38 256
50 38 260
50 38 236
50 256 260
50 256 38
50 256 236
50 260 38
50 260 256
50 260 236
50 236 38
50 236 256
50 236 260
50 41 183
50 41 183
50 41 181
50 183 183
50 183 41
50 183 181
50 183 41
50 183 183
50 183 181
50 181 41
50 181 183
50 181 183
50 69 179
50 69 180
50 69 198
50 179 180
50 179 69
50 179 198
50 180 69
50 180 179
50 180 198
50 198 69
50 198 179
50 198 180
