76 13 22
76 13 25
76 13 35
76 22 25
76 22 13
76 22 35
76 25 13
76 25 22
76 25 35
76 35 13
76 35 22
76 35 25
76 18 15
76 18 24
76 18 23
76 15 24
76 15 18
76 15 23
76 24 18
76 24 15
76 24 23
76 23 18
76 23 15
76 23 24
76 24 34
76 24 18
76 24 21
76 34 18
76 34 24
76 34 21
76 18 24
76 18 34
76 18 21
76 21 24
76 21 34
76 21 18
76 18 31
76 18 23
76 18 25
76 31 23
76 31 18
76 31 25
76 23 18
76 23 31
76 23 25
76 25 18
76 25 31
76 25 23
76 26 15
76 26 17
76 26 24
76 15 17
76 15 26
76 15 24
76 17 26
76 17 15
76 17 24
76 24 26
76 24 15
76 24 17
