132 44 16
132 44 37
132 44 33
132 16 37
132 16 44
132 16 33
132 37 44
132 37 16
132 37 33
132 33 44
132 33 16
132 33 37
132 27 41
132 27 35
132 27 29
132 41 35
132 41 27
132 41 29
132 35 27
132 35 41
132 35 29
132 29 27
132 29 41
132 29 35
132 19 29
132 19 39
132 19 37
132 29 39
132 29 19
132 29 37
132 39 19
132 39 29
132 39 37
132 37 19
132 37 29
132 37 39
132 17 20
132 17 24
132 17 46
132 20 24
132 20 17
132 20 46
132 24 17
132 24 20
132 24 46
132 46 17
132 46 20
132 46 24
132 25 21
132 25 23
132 25 23
132 21 23
132 21 25
132 21 23
132 23 25
132 23 21
132 23 23
132 23 25
132 23 21
132 23 23
