71 151 91
71 151 81
71 151 112
71 91 81
71 91 151
71 91 112
71 81 151
71 81 91
71 81 112
71 112 151
71 112 91
71 112 81
71 179 79
71 179 83
71 179 78
71 79 83
71 79 179
71 79 78
71 83 179
71 83 79
71 83 78
71 78 179
71 78 79
71 78 83
71 159 64
71 159 120
71 159 99
71 64 120
71 64 159
71 64 99
71 120 159
71 120 64
71 120 99
71 99 159
71 99 64
71 99 120
71 189 61
71 189 88
71 189 84
71 61 88
71 61 189
71 61 84
71 88 189
71 88 61
71 88 84
71 84 189
71 84 61
71 84 88
71 172 81
71 172 69
71 172 95
71 81 69
71 81 172
71 81 95
71 69 172
71 69 81
71 69 95
71 95 172
71 95 81
71 95 69
