105 173 187
105 173 188
105 173 181
105 187 188
105 187 173
105 187 181
105 188 173
105 188 187
105 188 181
105 181 173
105 181 187
105 181 188
105 132 108
105 132 104
105 132 122
105 108 104
105 108 132
105 108 122
105 104 132
105 104 108
105 104 122
105 122 132
105 122 108
105 122 104
105 126 223
105 126 221
105 126 202
105 223 221
105 223 126
105 223 202
105 221 126
105 221 223
105 221 202
105 202 126
105 202 223
105 202 221
105 137 150
105 137 194
105 137 176
105 150 194
105 150 137
105 150 176
105 194 137
105 194 150
105 194 176
105 176 137
105 176 150
105 176 194
105 88 201
105 88 207
105 88 227
105 201 207
105 201 88
105 201 227
105 207 88
105 207 201
105 207 227
105 227 88
105 227 201
105 227 207
