105 46 75
105 46 67
105 46 73
105 75 67
105 75 46
105 75 73
105 67 46
105 67 75
105 67 73
105 73 46
105 73 75
105 73 67
105 56 54
105 56 64
105 56 66
105 54 64
105 54 56
105 54 66
105 64 56
105 64 54
105 64 66
105 66 56
105 66 54
105 66 64
105 45 125
105 45 139
105 45 132
105 125 139
105 125 45
105 125 132
105 139 45
105 139 125
105 139 132
105 132 45
105 132 125
105 132 139
105 50 116
105 50 93
105 50 80
105 116 93
105 116 50
105 116 80
105 93 50
105 93 116
105 93 80
105 80 50
105 80 116
105 80 93
105 35 159
105 35 159
105 35 151
105 159 159
105 159 35
105 159 151
105 159 35
105 159 159
105 159 151
105 151 35
105 151 159
105 151 159
