131 249 154
131 249 145
131 249 216
131 154 145
131 154 249
131 154 216
131 145 249
131 145 154
131 145 216
131 216 249
131 216 154
131 216 145
131 279 205
131 279 231
131 279 199
131 205 231
131 205 279
131 205 199
131 231 279
131 231 205
131 231 199
131 199 279
131 199 205
131 199 231
131 203 129
131 203 111
131 203 188
131 129 111
131 129 203
131 129 188
131 111 203
131 111 129
131 111 188
131 188 203
131 188 129
131 188 111
131 153 112
131 153 94
131 153 172
131 112 94
131 112 153
131 112 172
131 94 153
131 94 112
131 94 172
131 172 153
131 172 112
131 172 94
131 132 128
131 132 111
131 132 138
131 128 111
131 128 132
131 128 138
131 111 132
131 111 128
131 111 138
131 138 132
131 138 128
131 138 111
