85 128 65
85 128 61
85 128 87
85 65 61
85 65 128
85 65 87
85 61 128
85 61 65
85 61 87
85 87 128
85 87 65
85 87 61
85 145 78
85 145 77
85 145 111
85 78 77
85 78 145
85 78 111
85 77 145
85 77 78
85 77 111
85 111 145
85 111 78
85 111 77
85 167 53
85 167 64
85 167 97
85 53 64
85 53 167
85 53 97
85 64 167
85 64 53
85 64 97
85 97 167
85 97 53
85 97 64
85 108 80
85 108 75
85 108 104
85 80 75
85 80 108
85 80 104
85 75 108
85 75 80
85 75 104
85 104 108
85 104 80
85 104 75
85 149 80
85 149 93
85 149 98
85 80 93
85 80 149
85 80 98
85 93 149
85 93 80
85 93 98
85 98 149
85 98 80
85 98 93
