69 140 92
69 140 70
69 140 95
69 92 70
69 92 140
69 92 95
69 70 140
69 70 92
69 70 95
69 95 140
69 95 92
69 95 70
69 133 81
69 133 70
69 133 101
69 81 70
69 81 133
69 81 101
69 70 133
69 70 81
69 70 101
69 101 133
69 101 81
69 101 70
69 126 66
69 126 49
69 126 89
69 66 49
69 66 126
69 66 89
69 49 126
69 49 66
69 49 89
69 89 126
69 89 66
69 89 49
69 144 77
69 144 92
69 144 67
69 77 92
69 77 144
69 77 67
69 92 144
69 92 77
69 92 67
69 67 144
69 67 77
69 67 92
69 126 87
69 126 69
69 126 85
69 87 69
69 87 126
69 87 85
69 69 126
69 69 87
69 69 85
69 85 126
69 85 87
69 85 69
