137 8 21
137 8 20
137 8 24
137 21 20
137 21 8
137 21 24
137 20 8
137 20 21
137 20 24
137 24 8
137 24 21
137 24 20
137 17 29
137 17 20
137 17 22
137 29 20
137 29 17
137 29 22
137 20 17
137 20 29
137 20 22
137 22 17
137 22 29
137 22 20
137 9 12
137 9 9
137 9 13
137 12 9
137 12 9
137 12 13
137 9 9
137 9 12
137 9 13
137 13 9
137 13 12
137 13 9
137 9 6
137 9 11
137 9 8
137 6 11
137 6 9
137 6 8
137 11 9
137 11 6
137 11 8
137 8 9
137 8 6
137 8 11
137 7 0
137 7 0
137 7 10
137 0 0
137 0 7
137 0 10
137 0 7
137 0 0
137 0 10
137 10 7
137 10 0
137 10 0
