46 47 120
46 47 148
46 47 118
46 120 148
46 120 47
46 120 118
46 148 47
46 148 120
46 148 118
46 118 47
46 118 120
46 118 148
46 41 117
46 41 98
46 41 125
46 117 98
46 117 41
46 117 125
46 98 41
46 98 117
46 98 125
46 125 41
46 125 117
46 125 98
46 71 195
46 71 202
46 71 206
46 195 202
46 195 71
46 195 206
46 202 71
46 202 195
46 202 206
46 206 71
46 206 195
46 206 202
46 41 278
46 41 277
46 41 274
46 278 277
46 278 41
46 278 274
46 277 41
46 277 278
46 277 274
46 274 41
46 274 278
46 274 277
46 76 350
46 76 322
46 76 308
46 350 322
46 350 76
46 350 308
46 322 76
46 322 350
46 322 308
46 308 76
46 308 350
46 308 322
