55 45 35
55 45 49
55 45 46
55 35 49
55 35 45
55 35 46
55 49 45
55 49 35
55 49 46
55 46 45
55 46 35
55 46 49
55 47 37
55 47 39
55 47 42
55 37 39
55 37 47
55 37 42
55 39 47
55 39 37
55 39 42
55 42 47
55 42 37
55 42 39
55 35 41
55 35 35
55 35 29
55 41 35
55 41 35
55 41 29
55 35 35
55 35 41
55 35 29
55 29 35
55 29 41
55 29 35
55 47 39
55 47 51
55 47 41
55 39 51
55 39 47
55 39 41
55 51 47
55 51 39
55 51 41
55 41 47
55 41 39
55 41 51
55 47 70
55 47 65
55 47 69
55 70 65
55 70 47
55 70 69
55 65 47
55 65 70
55 65 69
55 69 47
55 69 70
55 69 65
