140 14 10
140 14 9
140 14 12
140 10 9
140 10 14
140 10 12
140 9 14
140 9 10
140 9 12
140 12 14
140 12 10
140 12 9
140 13 13
140 13 11
140 13 15
140 13 11
140 13 13
140 13 15
140 11 13
140 11 13
140 11 15
140 15 13
140 15 13
140 15 11
140 3 2
140 3 4
140 3 9
140 2 4
140 2 3
140 2 9
140 4 3
140 4 2
140 4 9
140 9 3
140 9 2
140 9 4
140 7 6
140 7 9
140 7 6
140 6 9
140 6 7
140 6 6
140 9 7
140 9 6
140 9 6
140 6 7
140 6 6
140 6 9
140 1 0
140 1 0
140 1 1
140 0 0
140 0 1
140 0 1
140 0 1
140 0 0
140 0 1
140 1 1
140 1 0
140 1 0
