105 616 399
105 616 298
105 616 292
105 399 298
105 399 616
105 399 292
105 298 616
105 298 399
105 298 292
105 292 616
105 292 399
105 292 298
105 509 210
105 509 208
105 509 222
105 210 208
105 210 509
105 210 222
105 208 509
105 208 210
105 208 222
105 222 509
105 222 210
105 222 208
105 356 376
105 356 350
105 356 537
105 376 350
105 376 356
105 376 537
105 350 356
105 350 376
105 350 537
105 537 356
105 537 376
105 537 350
105 556 544
105 556 545
105 556 306
105 544 545
105 544 556
105 544 306
105 545 556
105 545 544
105 545 306
105 306 556
105 306 544
105 306 545
105 622 549
105 622 474
105 622 683
105 549 474
105 549 622
105 549 683
105 474 622
105 474 549
105 474 683
105 683 622
105 683 549
105 683 474
