76 147 50
76 147 57
76 147 37
76 50 57
76 50 147
76 50 37
76 57 147
76 57 50
76 57 37
76 37 147
76 37 50
76 37 57
76 102 68
76 102 28
76 102 36
76 68 28
76 68 102
76 68 36
76 28 102
76 28 68
76 28 36
76 36 102
76 36 68
76 36 28
76 111 52
76 111 60
76 111 49
76 52 60
76 52 111
76 52 49
76 60 111
76 60 52
76 60 49
76 49 111
76 49 52
76 49 60
76 171 60
76 171 53
76 171 56
76 60 53
76 60 171
76 60 56
76 53 171
76 53 60
76 53 56
76 56 171
76 56 60
76 56 53
76 125 68
76 125 57
76 125 34
76 68 57
76 68 125
76 68 34
76 57 125
76 57 68
76 57 34
76 34 125
76 34 68
76 34 57
