75 258 98
75 258 113
75 258 172
75 98 113
75 98 258
75 98 172
75 113 258
75 113 98
75 113 172
75 172 258
75 172 98
75 172 113
75 452 123
75 452 128
75 452 187
75 123 128
75 123 452
75 123 187
75 128 452
75 128 123
75 128 187
75 187 452
75 187 123
75 187 128
75 284 157
75 284 115
75 284 107
75 157 115
75 157 284
75 157 107
75 115 284
75 115 157
75 115 107
75 107 284
75 107 157
75 107 115
75 423 156
75 423 204
75 423 154
75 156 204
75 156 423
75 156 154
75 204 423
75 204 156
75 204 154
75 154 423
75 154 156
75 154 204
75 407 104
75 407 141
75 407 142
75 104 141
75 104 407
75 104 142
75 141 407
75 141 104
75 141 142
75 142 407
75 142 104
75 142 141
