89 34 49
89 34 18
89 34 32
89 49 18
89 49 34
89 49 32
89 18 34
89 18 49
89 18 32
89 32 34
89 32 49
89 32 18
89 56 44
89 56 48
89 56 60
89 44 48
89 44 56
89 44 60
89 48 56
89 48 44
89 48 60
89 60 56
89 60 44
89 60 48
89 79 46
89 79 24
89 79 52
89 46 24
89 46 79
89 46 52
89 24 79
89 24 46
89 24 52
89 52 79
89 52 46
89 52 24
89 57 34
89 57 23
89 57 25
89 34 23
89 34 57
89 34 25
89 23 57
89 23 34
89 23 25
89 25 57
89 25 34
89 25 23
89 32 30
89 32 38
89 32 35
89 30 38
89 30 32
89 30 35
89 38 32
89 38 30
89 38 35
89 35 32
89 35 30
89 35 38
