59 44 72
59 44 68
59 44 65
59 72 68
59 72 44
59 72 65
59 68 44
59 68 72
59 68 65
59 65 44
59 65 72
59 65 68
59 24 72
59 24 50
59 24 76
59 72 50
59 72 24
59 72 76
59 50 24
59 50 72
59 50 76
59 76 24
59 76 72
59 76 50
59 45 71
59 45 62
59 45 57
59 71 62
59 71 45
59 71 57
59 62 45
59 62 71
59 62 57
59 57 45
59 57 71
59 57 62
59 49 54
59 49 69
59 49 73
59 54 69
59 54 49
59 54 73
59 69 49
59 69 54
59 69 73
59 73 49
59 73 54
59 73 69
59 35 70
59 35 65
59 35 66
59 70 65
59 70 35
59 70 66
59 65 35
59 65 70
59 65 66
59 66 35
59 66 70
59 66 65
