55 41 137
55 41 113
55 41 122
55 137 113
55 137 41
55 137 122
55 113 41
55 113 137
55 113 122
55 122 41
55 122 137
55 122 113
55 39 105
55 39 135
55 39 126
55 105 135
55 105 39
55 105 126
55 135 39
55 135 105
55 135 126
55 126 39
55 126 105
55 126 135
55 55 131
55 55 159
55 55 118
55 131 159
55 131 55
55 131 118
55 159 55
55 159 131
55 159 118
55 118 55
55 118 131
55 118 159
55 56 122
55 56 137
55 56 162
55 122 137
55 122 56
55 122 162
55 137 56
55 137 122
55 137 162
55 162 56
55 162 122
55 162 137
55 55 167
55 55 128
55 55 148
55 167 128
55 167 55
55 167 148
55 128 55
55 128 167
55 128 148
55 148 55
55 148 167
55 148 128
