101 169 163
101 169 132
101 169 169
101 163 132
101 163 169
101 163 169
101 132 169
101 132 163
101 132 169
101 169 169
101 169 163
101 169 132
101 152 146
101 152 146
101 152 129
101 146 146
101 146 152
101 146 129
101 146 152
101 146 146
101 146 129
101 129 152
101 129 146
101 129 146
101 144 169
101 144 134
101 144 149
101 169 134
101 169 144
101 169 149
101 134 144
101 134 169
101 134 149
101 149 144
101 149 169
101 149 134
101 204 238
101 204 185
101 204 222
101 238 185
101 238 204
101 238 222
101 185 204
101 185 238
101 185 222
101 222 204
101 222 238
101 222 185
101 171 409
101 171 366
101 171 341
101 409 366
101 409 171
101 409 341
101 366 171
101 366 409
101 366 341
101 341 171
101 341 409
101 341 366
