113 51 364
113 51 356
113 51 373
113 364 356
113 364 51
113 364 373
113 356 51
113 356 364
113 356 373
113 373 51
113 373 364
113 373 356
113 73 442
113 73 441
113 73 377
113 442 441
113 442 73
113 442 377
113 441 73
113 441 442
113 441 377
113 377 73
113 377 442
113 377 441
113 40 266
113 40 310
113 40 315
113 266 310
113 266 40
113 266 315
113 310 40
113 310 266
113 310 315
113 315 40
113 315 266
113 315 310
113 42 257
113 42 214
113 42 245
113 257 214
113 257 42
113 257 245
113 214 42
113 214 257
113 214 245
113 245 42
113 245 257
113 245 214
113 45 284
113 45 298
113 45 279
113 284 298
113 284 45
113 284 279
113 298 45
113 298 284
113 298 279
113 279 45
113 279 284
113 279 298
