109 170 131
109 170 173
109 170 153
109 131 173
109 131 170
109 131 153
109 173 170
109 173 131
109 173 153
109 153 170
109 153 131
109 153 173
109 168 175
109 168 167
109 168 195
109 175 167
109 175 168
109 175 195
109 167 168
109 167 175
109 167 195
109 195 168
109 195 175
109 195 167
109 169 262
109 169 256
109 169 215
109 262 256
109 262 169
109 262 215
109 256 169
109 256 262
109 256 215
109 215 169
109 215 262
109 215 256
109 148 275
109 148 281
109 148 264
109 275 281
109 275 148
109 275 264
109 281 148
109 281 275
109 281 264
109 264 148
109 264 275
109 264 281
109 99 207
109 99 167
109 99 193
109 207 167
109 207 99
109 207 193
109 167 99
109 167 207
109 167 193
109 193 99
109 193 207
109 193 167
