122 87 82
122 87 80
122 87 96
122 82 80
122 82 87
122 82 96
122 80 87
122 80 82
122 80 96
122 96 87
122 96 82
122 96 80
122 69 55
122 69 63
122 69 62
122 55 63
122 55 69
122 55 62
122 63 69
122 63 55
122 63 62
122 62 69
122 62 55
122 62 63
122 60 76
122 60 113
122 60 102
122 76 113
122 76 60
122 76 102
122 113 60
122 113 76
122 113 102
122 102 60
122 102 76
122 102 113
122 38 88
122 38 109
122 38 109
122 88 109
122 88 38
122 88 109
122 109 38
122 109 88
122 109 109
122 109 38
122 109 88
122 109 109
122 68 77
122 68 70
122 68 66
122 77 70
122 77 68
122 77 66
122 70 68
122 70 77
122 70 66
122 66 68
122 66 77
122 66 70
