70 281 183
70 281 157
70 281 255
70 183 157
70 183 281
70 183 255
70 157 281
70 157 183
70 157 255
70 255 281
70 255 183
70 255 157
70 268 175
70 268 160
70 268 189
70 175 160
70 175 268
70 175 189
70 160 268
70 160 175
70 160 189
70 189 268
70 189 175
70 189 160
70 301 211
70 301 209
70 301 218
70 211 209
70 211 301
70 211 218
70 209 301
70 209 211
70 209 218
70 218 301
70 218 211
70 218 209
70 261 153
70 261 246
70 261 225
70 153 246
70 153 261
70 153 225
70 246 261
70 246 153
70 246 225
70 225 261
70 225 153
70 225 246
70 353 186
70 353 201
70 353 260
70 186 201
70 186 353
70 186 260
70 201 353
70 201 186
70 201 260
70 260 353
70 260 186
70 260 201
