92 138 105
92 138 100
92 138 83
92 105 100
92 105 138
92 105 83
92 100 138
92 100 105
92 100 83
92 83 138
92 83 105
92 83 100
92 134 82
92 134 86
92 134 129
92 82 86
92 82 134
92 82 129
92 86 134
92 86 82
92 86 129
92 129 134
92 129 82
92 129 86
92 116 114
92 116 91
92 116 108
92 114 91
92 114 116
92 114 108
92 91 116
92 91 114
92 91 108
92 108 116
92 108 114
92 108 91
92 120 98
92 120 79
92 120 106
92 98 79
92 98 120
92 98 106
92 79 120
92 79 98
92 79 106
92 106 120
92 106 98
92 106 79
92 115 88
92 115 119
92 115 135
92 88 119
92 88 115
92 88 135
92 119 115
92 119 88
92 119 135
92 135 115
92 135 88
92 135 119
