131 126 117
131 126 140
131 126 125
131 117 140
131 117 126
131 117 125
131 140 126
131 140 117
131 140 125
131 125 126
131 125 117
131 125 140
131 223 151
131 223 128
131 223 159
131 151 128
131 151 223
131 151 159
131 128 223
131 128 151
131 128 159
131 159 223
131 159 151
131 159 128
131 227 113
131 227 128
131 227 119
131 113 128
131 113 227
131 113 119
131 128 227
131 128 113
131 128 119
131 119 227
131 119 113
131 119 128
131 125 134
131 125 123
131 125 132
131 134 123
131 134 125
131 134 132
131 123 125
131 123 134
131 123 132
131 132 125
131 132 134
131 132 123
131 138 90
131 138 56
131 138 99
131 90 56
131 90 138
131 90 99
131 56 138
131 56 90
131 56 99
131 99 138
131 99 90
131 99 56
