115 175 298
115 175 262
115 175 300
115 298 262
115 298 175
115 298 300
115 262 175
115 262 298
115 262 300
115 300 175
115 300 298
115 300 262
115 160 310
115 160 312
115 160 302
115 310 312
115 310 160
115 310 302
115 312 160
115 312 310
115 312 302
115 302 160
115 302 310
115 302 312
115 207 266
115 207 291
115 207 267
115 266 291
115 266 207
115 266 267
115 291 207
115 291 266
115 291 267
115 267 207
115 267 266
115 267 291
115 165 221
115 165 239
115 165 258
115 221 239
115 221 165
115 221 258
115 239 165
115 239 221
115 239 258
115 258 165
115 258 221
115 258 239
115 148 200
115 148 245
115 148 239
115 200 245
115 200 148
115 200 239
115 245 148
115 245 200
115 245 239
115 239 148
115 239 200
115 239 245
