139 46 25
139 46 31
139 46 47
139 25 31
139 25 46
139 25 47
139 31 46
139 31 25
139 31 47
139 47 46
139 47 25
139 47 31
139 77 77
139 77 83
139 77 80
139 77 83
139 77 77
139 77 80
139 83 77
139 83 77
139 83 80
139 80 77
139 80 77
139 80 83
139 48 46
139 48 70
139 48 52
139 46 70
139 46 48
139 46 52
139 70 48
139 70 46
139 70 52
139 52 48
139 52 46
139 52 70
139 81 28
139 81 34
139 81 22
139 28 34
139 28 81
139 28 22
139 34 81
139 34 28
139 34 22
139 22 81
139 22 28
139 22 34
139 11 25
139 11 27
139 11 30
139 25 27
139 25 11
139 25 30
139 27 11
139 27 25
139 27 30
139 30 11
139 30 25
139 30 27
