62 77 42
62 77 37
62 77 54
62 42 37
62 42 77
62 42 54
62 37 77
62 37 42
62 37 54
62 54 77
62 54 42
62 54 37
62 61 41
62 61 39
62 61 42
62 41 39
62 41 61
62 41 42
62 39 61
62 39 41
62 39 42
62 42 61
62 42 41
62 42 39
62 66 44
62 66 56
62 66 39
62 44 56
62 44 66
62 44 39
62 56 66
62 56 44
62 56 39
62 39 66
62 39 44
62 39 56
62 57 46
62 57 41
62 57 41
62 46 41
62 46 57
62 46 41
62 41 57
62 41 46
62 41 41
62 41 57
62 41 46
62 41 41
62 88 44
62 88 44
62 88 48
62 44 44
62 44 88
62 44 48
62 44 88
62 44 44
62 44 48
62 48 88
62 48 44
62 48 44
