77 51 26
77 51 22
77 51 50
77 26 22
77 26 51
77 26 50
77 22 51
77 22 26
77 22 50
77 50 51
77 50 26
77 50 22
77 43 27
77 43 34
77 43 18
77 27 34
77 27 43
77 27 18
77 34 43
77 34 27
77 34 18
77 18 43
77 18 27
77 18 34
77 29 23
77 29 30
77 29 29
77 23 30
77 23 29
77 23 29
77 30 29
77 30 23
77 30 29
77 29 29
77 29 23
77 29 30
77 34 16
77 34 30
77 34 23
77 16 30
77 16 34
77 16 23
77 30 34
77 30 16
77 30 23
77 23 34
77 23 16
77 23 30
77 64 27
77 64 31
77 64 35
77 27 31
77 27 64
77 27 35
77 31 64
77 31 27
77 31 35
77 35 64
77 35 27
77 35 31
