45 66 113
45 66 148
45 66 122
45 113 148
45 113 66
45 113 122
45 148 66
45 148 113
45 148 122
45 122 66
45 122 113
45 122 148
45 62 123
45 62 109
45 62 94
45 123 109
45 123 62
45 123 94
45 109 62
45 109 123
45 109 94
45 94 62
45 94 123
45 94 109
45 71 225
45 71 240
45 71 207
45 225 240
45 225 71
45 225 207
45 240 71
45 240 225
45 240 207
45 207 71
45 207 225
45 207 240
45 69 290
45 69 251
45 69 283
45 290 251
45 290 69
45 290 283
45 251 69
45 251 290
45 251 283
45 283 69
45 283 290
45 283 251
45 84 335
45 84 371
45 84 318
45 335 371
45 335 84
45 335 318
45 371 84
45 371 335
45 371 318
45 318 84
45 318 335
45 318 371
