69 58 21
69 58 22
69 58 21
69 21 22
69 21 58
69 21 21
69 22 58
69 22 21
69 22 21
69 21 58
69 21 21
69 21 22
69 55 16
69 55 24
69 55 21
69 16 24
69 16 55
69 16 21
69 24 55
69 24 16
69 24 21
69 21 55
69 21 16
69 21 24
69 44 24
69 44 23
69 44 26
69 24 23
69 24 44
69 24 26
69 23 44
69 23 24
69 23 26
69 26 44
69 26 24
69 26 23
69 48 25
69 48 21
69 48 16
69 25 21
69 25 48
69 25 16
69 21 48
69 21 25
69 21 16
69 16 48
69 16 25
69 16 21
69 44 26
69 44 30
69 44 21
69 26 30
69 26 44
69 26 21
69 30 44
69 30 26
69 30 21
69 21 44
69 21 26
69 21 30
