133 231 214
133 231 192
133 231 159
133 214 192
133 214 231
133 214 159
133 192 231
133 192 214
133 192 159
133 159 231
133 159 214
133 159 192
133 191 195
133 191 176
133 191 222
133 195 176
133 195 191
133 195 222
133 176 191
133 176 195
133 176 222
133 222 191
133 222 195
133 222 176
133 243 237
133 243 267
133 243 189
133 237 267
133 237 243
133 237 189
133 267 243
133 267 237
133 267 189
133 189 243
133 189 237
133 189 267
133 195 180
133 195 171
133 195 225
133 180 171
133 180 195
133 180 225
133 171 195
133 171 180
133 171 225
133 225 195
133 225 180
133 225 171
133 212 179
133 212 182
133 212 282
133 179 182
133 179 212
133 179 282
133 182 212
133 182 179
133 182 282
133 282 212
133 282 179
133 282 182
