138 14 17
138 14 21
138 14 13
138 17 21
138 17 14
138 17 13
138 21 14
138 21 17
138 21 13
138 13 14
138 13 17
138 13 21
138 17 26
138 17 39
138 17 41
138 26 39
138 26 17
138 26 41
138 39 17
138 39 26
138 39 41
138 41 17
138 41 26
138 41 39
138 27 24
138 27 28
138 27 33
138 24 28
138 24 27
138 24 33
138 28 27
138 28 24
138 28 33
138 33 27
138 33 24
138 33 28
138 13 12
138 13 11
138 13 8
138 12 11
138 12 13
138 12 8
138 11 13
138 11 12
138 11 8
138 8 13
138 8 12
138 8 11
138 11 7
138 11 15
138 11 29
138 7 15
138 7 11
138 7 29
138 15 11
138 15 7
138 15 29
138 29 11
138 29 7
138 29 15
