47 58 492
47 58 505
47 58 543
47 492 505
47 492 58
47 492 543
47 505 58
47 505 492
47 505 543
47 543 58
47 543 492
47 543 505
47 68 332
47 68 311
47 68 352
47 332 311
47 332 68
47 332 352
47 311 68
47 311 332
47 311 352
47 352 68
47 352 332
47 352 311
47 70 496
47 70 491
47 70 435
47 496 491
47 496 70
47 496 435
47 491 70
47 491 496
47 491 435
47 435 70
47 435 496
47 435 491
47 77 537
47 77 559
47 77 516
47 537 559
47 537 77
47 537 516
47 559 77
47 559 537
47 559 516
47 516 77
47 516 537
47 516 559
47 73 415
47 73 388
47 73 385
47 415 388
47 415 73
47 415 385
47 388 73
47 388 415
47 388 385
47 385 73
47 385 415
47 385 388
