93 356 133
93 356 109
93 356 60
93 133 109
93 133 356
93 133 60
93 109 356
93 109 133
93 109 60
93 60 356
93 60 133
93 60 109
93 595 114
93 595 75
93 595 81
93 114 75
93 114 595
93 114 81
93 75 595
93 75 114
93 75 81
93 81 595
93 81 114
93 81 75
93 762 113
93 762 108
93 762 135
93 113 108
93 113 762
93 113 135
93 108 762
93 108 113
93 108 135
93 135 762
93 135 113
93 135 108
93 598 96
93 598 107
93 598 70
93 96 107
93 96 598
93 96 70
93 107 598
93 107 96
93 107 70
93 70 598
93 70 96
93 70 107
93 663 141
93 663 111
93 663 72
93 141 111
93 141 663
93 141 72
93 111 663
93 111 141
93 111 72
93 72 663
93 72 141
93 72 111
