140 64 11
140 64 20
140 64 28
140 11 20
140 11 64
140 11 28
140 20 64
140 20 11
140 20 28
140 28 64
140 28 11
140 28 20
140 51 19
140 51 25
140 51 41
140 19 25
140 19 51
140 19 41
140 25 51
140 25 19
140 25 41
140 41 51
140 41 19
140 41 25
140 51 15
140 51 0
140 51 5
140 15 0
140 15 51
140 15 5
140 0 51
140 0 15
140 0 5
140 5 51
140 5 15
140 5 0
140 28 1
140 28 0
140 28 8
140 1 0
140 1 28
140 1 8
140 0 28
140 0 1
140 0 8
140 8 28
140 8 1
140 8 0
140 22 0
140 22 0
140 22 9
140 0 0
140 0 22
140 0 9
140 0 22
140 0 0
140 0 9
140 9 22
140 9 0
140 9 0
