114 134 200
114 134 222
114 134 232
114 200 222
114 200 134
114 200 232
114 222 134
114 222 200
114 222 232
114 232 134
114 232 200
114 232 222
114 191 387
114 191 410
114 191 341
114 387 410
114 387 191
114 387 341
114 410 191
114 410 387
114 410 341
114 341 191
114 341 387
114 341 410
114 170 251
114 170 216
114 170 210
114 251 216
114 251 170
114 251 210
114 216 170
114 216 251
114 216 210
114 210 170
114 210 251
114 210 216
114 151 224
114 151 240
114 151 224
114 224 240
114 224 151
114 224 224
114 240 151
114 240 224
114 240 224
114 224 151
114 224 224
114 224 240
114 193 199
114 193 179
114 193 168
114 199 179
114 199 193
114 199 168
114 179 193
114 179 199
114 179 168
114 168 193
114 168 199
114 168 179
