107 122 179
107 122 153
107 122 207
107 179 153
107 179 122
107 179 207
107 153 122
107 153 179
107 153 207
107 207 122
107 207 179
107 207 153
107 113 129
107 113 139
107 113 138
107 129 139
107 129 113
107 129 138
107 139 113
107 139 129
107 139 138
107 138 113
107 138 129
107 138 139
107 95 162
107 95 137
107 95 175
107 162 137
107 162 95
107 162 175
107 137 95
107 137 162
107 137 175
107 175 95
107 175 162
107 175 137
107 122 108
107 122 101
107 122 103
107 108 101
107 108 122
107 108 103
107 101 122
107 101 108
107 101 103
107 103 122
107 103 108
107 103 101
107 86 99
107 86 127
107 86 142
107 99 127
107 99 86
107 99 142
107 127 86
107 127 99
107 127 142
107 142 86
107 142 99
107 142 127
