114 129 67
114 129 59
114 129 117
114 67 59
114 67 129
114 67 117
114 59 129
114 59 67
114 59 117
114 117 129
114 117 67
114 117 59
114 123 76
114 123 57
114 123 124
114 76 57
114 76 123
114 76 124
114 57 123
114 57 76
114 57 124
114 124 123
114 124 76
114 124 57
114 91 66
114 91 69
114 91 105
114 66 69
114 66 91
114 66 105
114 69 91
114 69 66
114 69 105
114 105 91
114 105 66
114 105 69
114 133 64
114 133 40
114 133 94
114 64 40
114 64 133
114 64 94
114 40 133
114 40 64
114 40 94
114 94 133
114 94 64
114 94 40
114 68 55
114 68 50
114 68 71
114 55 50
114 55 68
114 55 71
114 50 68
114 50 55
114 50 71
114 71 68
114 71 55
114 71 50
