120 198 107
120 198 105
120 198 135
120 107 105
120 107 198
120 107 135
120 105 198
120 105 107
120 105 135
120 135 198
120 135 107
120 135 105
120 111 107
120 111 107
120 111 114
120 107 107
120 107 111
120 107 114
120 107 111
120 107 107
120 107 114
120 114 111
120 114 107
120 114 107
120 147 92
120 147 106
120 147 163
120 92 106
120 92 147
120 92 163
120 106 147
120 106 92
120 106 163
120 163 147
120 163 92
120 163 106
120 120 98
120 120 97
120 120 105
120 98 97
120 98 120
120 98 105
120 97 120
120 97 98
120 97 105
120 105 120
120 105 98
120 105 97
120 108 181
120 108 231
120 108 95
120 181 231
120 181 108
120 181 95
120 231 108
120 231 181
120 231 95
120 95 108
120 95 181
120 95 231
