120 259 201
120 259 181
120 259 233
120 201 181
120 201 259
120 201 233
120 181 259
120 181 201
120 181 233
120 233 259
120 233 201
120 233 181
120 263 200
120 263 261
120 263 202
120 200 261
120 200 263
120 200 202
120 261 263
120 261 200
120 261 202
120 202 263
120 202 200
120 202 261
120 250 189
120 250 184
120 250 244
120 189 184
120 189 250
120 189 244
120 184 250
120 184 189
120 184 244
120 244 250
120 244 189
120 244 184
120 255 143
120 255 133
120 255 208
120 143 133
120 143 255
120 143 208
120 133 255
120 133 143
120 133 208
120 208 255
120 208 143
120 208 133
120 224 155
120 224 162
120 224 197
120 155 162
120 155 224
120 155 197
120 162 224
120 162 155
120 162 197
120 197 224
120 197 155
120 197 162
