105 176 206
105 176 208
105 176 163
105 206 208
105 206 176
105 206 163
105 208 176
105 208 206
105 208 163
105 163 176
105 163 206
105 163 208
105 197 280
105 197 236
105 197 186
105 280 236
105 280 197
105 280 186
105 236 197
105 236 280
105 236 186
105 186 197
105 186 280
105 186 236
105 207 208
105 207 220
105 207 140
105 208 220
105 208 207
105 208 140
105 220 207
105 220 208
105 220 140
105 140 207
105 140 208
105 140 220
105 219 305
105 219 310
105 219 257
105 305 310
105 305 219
105 305 257
105 310 219
105 310 305
105 310 257
105 257 219
105 257 305
105 257 310
105 171 287
105 171 282
105 171 259
105 287 282
105 287 171
105 287 259
105 282 171
105 282 287
105 282 259
105 259 171
105 259 287
105 259 282
