73 81 94
73 81 59
73 81 89
73 94 59
73 94 81
73 94 89
73 59 81
73 59 94
73 59 89
73 89 81
73 89 94
73 89 59
73 72 96
73 72 99
73 72 99
73 96 99
73 96 72
73 96 99
73 99 72
73 99 96
73 99 99
73 99 72
73 99 96
73 99 99
73 109 68
73 109 114
73 109 101
73 68 114
73 68 109
73 68 101
73 114 109
73 114 68
73 114 101
73 101 109
73 101 68
73 101 114
73 79 74
73 79 109
73 79 92
73 74 109
73 74 79
73 74 92
73 109 79
73 109 74
73 109 92
73 92 79
73 92 74
73 92 109
73 121 117
73 121 82
73 121 123
73 117 82
73 117 121
73 117 123
73 82 121
73 82 117
73 82 123
73 123 121
73 123 117
73 123 82
