46 28 125
46 28 127
46 28 125
46 125 127
46 125 28
46 125 125
46 127 28
46 127 125
46 127 125
46 125 28
46 125 125
46 125 127
46 38 106
46 38 109
46 38 118
46 106 109
46 106 38
46 106 118
46 109 38
46 109 106
46 109 118
46 118 38
46 118 106
46 118 109
46 39 148
46 39 152
46 39 175
46 148 152
46 148 39
46 148 175
46 152 39
46 152 148
46 152 175
46 175 39
46 175 148
46 175 152
46 39 176
46 39 177
46 39 194
46 176 177
46 176 39
46 176 194
46 177 39
46 177 176
46 177 194
46 194 39
46 194 176
46 194 177
46 40 192
46 40 178
46 40 200
46 192 178
46 192 40
46 192 200
46 178 40
46 178 192
46 178 200
46 200 40
46 200 192
46 200 178
