121 40 42
121 40 30
121 40 27
121 42 30
121 42 40
121 42 27
121 30 40
121 30 42
121 30 27
121 27 40
121 27 42
121 27 30
121 26 34
121 26 28
121 26 30
121 34 28
121 34 26
121 34 30
121 28 26
121 28 34
121 28 30
121 30 26
121 30 34
121 30 28
121 39 50
121 39 81
121 39 40
121 50 81
121 50 39
121 50 40
121 81 39
121 81 50
121 81 40
121 40 39
121 40 50
121 40 81
121 43 36
121 43 44
121 43 37
121 36 44
121 36 43
121 36 37
121 44 43
121 44 36
121 44 37
121 37 43
121 37 36
121 37 44
121 18 35
121 18 35
121 18 34
121 35 35
121 35 18
121 35 34
121 35 18
121 35 35
121 35 34
121 34 18
121 34 35
121 34 35
