88 1927 557
88 1927 686
88 1927 617
88 557 686
88 557 1927
88 557 617
88 686 1927
88 686 557
88 686 617
88 617 1927
88 617 557
88 617 686
88 2100 545
88 2100 697
88 2100 799
88 545 697
88 545 2100
88 545 799
88 697 2100
88 697 545
88 697 799
88 799 2100
88 799 545
88 799 697
88 2268 790
88 2268 681
88 2268 709
88 790 681
88 790 2268
88 790 709
88 681 2268
88 681 790
88 681 709
88 709 2268
88 709 790
88 709 681
88 2182 638
88 2182 632
88 2182 765
88 638 632
88 638 2182
88 638 765
88 632 2182
88 632 638
88 632 765
88 765 2182
88 765 638
88 765 632
88 2140 830
88 2140 1029
88 2140 925
88 830 1029
88 830 2140
88 830 925
88 1029 2140
88 1029 830
88 1029 925
88 925 2140
88 925 830
88 925 1029
