51 131 648
51 131 724
51 131 653
51 648 724
51 648 131
51 648 653
51 724 131
51 724 648
51 724 653
51 653 131
51 653 648
51 653 724
51 114 679
51 114 651
51 114 690
51 679 651
51 679 114
51 679 690
51 651 114
51 651 679
51 651 690
51 690 114
51 690 679
51 690 651
51 119 634
51 119 636
51 119 627
51 634 636
51 634 119
51 634 627
51 636 119
51 636 634
51 636 627
51 627 119
51 627 634
51 627 636
51 103 494
51 103 521
51 103 432
51 494 521
51 494 103
51 494 432
51 521 103
51 521 494
51 521 432
51 432 103
51 432 494
51 432 521
51 88 335
51 88 331
51 88 323
51 335 331
51 335 88
51 335 323
51 331 88
51 331 335
51 331 323
51 323 88
51 323 335
51 323 331
