46 18 81
46 18 84
46 18 63
46 81 84
46 81 18
46 81 63
46 84 18
46 84 81
46 84 63
46 63 18
46 63 81
46 63 84
46 19 47
46 19 37
46 19 39
46 47 37
46 47 19
46 47 39
46 37 19
46 37 47
46 37 39
46 39 19
46 39 47
46 39 37
46 39 120
46 39 107
46 39 70
46 120 107
46 120 39
46 120 70
46 107 39
46 107 120
46 107 70
46 70 39
46 70 120
46 70 107
46 33 130
46 33 174
46 33 147
46 130 174
46 130 33
46 130 147
46 174 33
46 174 130
46 174 147
46 147 33
46 147 130
46 147 174
46 18 146
46 18 149
46 18 157
46 146 149
46 146 18
46 146 157
46 149 18
46 149 146
46 149 157
46 157 18
46 157 146
46 157 149
