114 63 58
114 63 43
114 63 59
114 58 43
114 58 63
114 58 59
114 43 63
114 43 58
114 43 59
114 59 63
114 59 58
114 59 43
114 83 34
114 83 69
114 83 54
114 34 69
114 34 83
114 34 54
114 69 83
114 69 34
114 69 54
114 54 83
114 54 34
114 54 69
114 88 49
114 88 36
114 88 44
114 49 36
114 49 88
114 49 44
114 36 88
114 36 49
114 36 44
114 44 88
114 44 49
114 44 36
114 77 79
114 77 56
114 77 49
114 79 56
114 79 77
114 79 49
114 56 77
114 56 79
114 56 49
114 49 77
114 49 79
114 49 56
114 57 38
114 57 54
114 57 40
114 38 54
114 38 57
114 38 40
114 54 57
114 54 38
114 54 40
114 40 57
114 40 38
114 40 54
