52 118 877
52 118 775
52 118 854
52 877 775
52 877 118
52 877 854
52 775 118
52 775 877
52 775 854
52 854 118
52 854 877
52 854 775
52 103 712
52 103 727
52 103 710
52 712 727
52 712 103
52 712 710
52 727 103
52 727 712
52 727 710
52 710 103
52 710 712
52 710 727
52 153 1032
52 153 1066
52 153 951
52 1032 1066
52 1032 153
52 1032 951
52 1066 153
52 1066 1032
52 1066 951
52 951 153
52 951 1032
52 951 1066
52 117 861
52 117 827
52 117 783
52 861 827
52 861 117
52 861 783
52 827 117
52 827 861
52 827 783
52 783 117
52 783 861
52 783 827
52 143 446
52 143 445
52 143 439
52 446 445
52 446 143
52 446 439
52 445 143
52 445 446
52 445 439
52 439 143
52 439 446
52 439 445
