65 51 33
65 51 40
65 51 47
65 33 40
65 33 51
65 33 47
65 40 51
65 40 33
65 40 47
65 47 51
65 47 33
65 47 40
65 105 44
65 105 36
65 105 42
65 44 36
65 44 105
65 44 42
65 36 105
65 36 44
65 36 42
65 42 105
65 42 44
65 42 36
65 104 34
65 104 50
65 104 43
65 34 50
65 34 104
65 34 43
65 50 104
65 50 34
65 50 43
65 43 104
65 43 34
65 43 50
65 69 47
65 69 41
65 69 51
65 47 41
65 47 69
65 47 51
65 41 69
65 41 47
65 41 51
65 51 69
65 51 47
65 51 41
65 152 40
65 152 34
65 152 45
65 40 34
65 40 152
65 40 45
65 34 152
65 34 40
65 34 45
65 45 152
65 45 40
65 45 34
