129 90 125
129 90 126
129 90 133
129 125 126
129 125 90
129 125 133
129 126 90
129 126 125
129 126 133
129 133 90
129 133 125
129 133 126
129 104 128
129 104 134
129 104 155
129 128 134
129 128 104
129 128 155
129 134 104
129 134 128
129 134 155
129 155 104
129 155 128
129 155 134
129 119 136
129 119 120
129 119 171
129 136 120
129 136 119
129 136 171
129 120 119
129 120 136
129 120 171
129 171 119
129 171 136
129 171 120
129 125 122
129 125 132
129 125 137
129 122 132
129 122 125
129 122 137
129 132 125
129 132 122
129 132 137
129 137 125
129 137 122
129 137 132
129 45 130
129 45 111
129 45 115
129 130 111
129 130 45
129 130 115
129 111 45
129 111 130
129 111 115
129 115 45
129 115 130
129 115 111
