138 19 11
138 19 3
138 19 17
138 11 3
138 11 19
138 11 17
138 3 19
138 3 11
138 3 17
138 17 19
138 17 11
138 17 3
138 23 12
138 23 12
138 23 17
138 12 12
138 12 23
138 12 17
138 12 23
138 12 12
138 12 17
138 17 23
138 17 12
138 17 12
138 6 5
138 6 5
138 6 9
138 5 5
138 5 6
138 5 9
138 5 6
138 5 5
138 5 9
138 9 6
138 9 5
138 9 5
138 2 2
138 2 1
138 2 2
138 2 1
138 2 2
138 2 2
138 1 2
138 1 2
138 1 2
138 2 2
138 2 2
138 2 1
138 3 0
138 3 3
138 3 2
138 0 3
138 0 3
138 0 2
138 3 3
138 3 0
138 3 2
138 2 3
138 2 0
138 2 3
