87 88 50
87 88 60
87 88 44
87 50 60
87 50 88
87 50 44
87 60 88
87 60 50
87 60 44
87 44 88
87 44 50
87 44 60
87 68 82
87 68 48
87 68 45
87 82 48
87 82 68
87 82 45
87 48 68
87 48 82
87 48 45
87 45 68
87 45 82
87 45 48
87 63 65
87 63 40
87 63 43
87 65 40
87 65 63
87 65 43
87 40 63
87 40 65
87 40 43
87 43 63
87 43 65
87 43 40
87 98 53
87 98 42
87 98 54
87 53 42
87 53 98
87 53 54
87 42 98
87 42 53
87 42 54
87 54 98
87 54 53
87 54 42
87 101 57
87 101 54
87 101 55
87 57 54
87 57 101
87 57 55
87 54 101
87 54 57
87 54 55
87 55 101
87 55 57
87 55 54
