53 173 443
53 173 471
53 173 416
53 443 471
53 443 173
53 443 416
53 471 173
53 471 443
53 471 416
53 416 173
53 416 443
53 416 471
53 172 645
53 172 685
53 172 611
53 645 685
53 645 172
53 645 611
53 685 172
53 685 645
53 685 611
53 611 172
53 611 645
53 611 685
53 167 309
53 167 290
53 167 306
53 309 290
53 309 167
53 309 306
53 290 167
53 290 309
53 290 306
53 306 167
53 306 309
53 306 290
53 207 284
53 207 261
53 207 245
53 284 261
53 284 207
53 284 245
53 261 207
53 261 284
53 261 245
53 245 207
53 245 284
53 245 261
53 167 229
53 167 227
53 167 248
53 229 227
53 229 167
53 229 248
53 227 167
53 227 229
53 227 248
53 248 167
53 248 229
53 248 227
