81 225 168
81 225 167
81 225 160
81 168 167
81 168 225
81 168 160
81 167 225
81 167 168
81 167 160
81 160 225
81 160 168
81 160 167
81 225 127
81 225 158
81 225 173
81 127 158
81 127 225
81 127 173
81 158 225
81 158 127
81 158 173
81 173 225
81 173 127
81 173 158
81 249 177
81 249 156
81 249 184
81 177 156
81 177 249
81 177 184
81 156 249
81 156 177
81 156 184
81 184 249
81 184 177
81 184 156
81 222 168
81 222 126
81 222 221
81 168 126
81 168 222
81 168 221
81 126 222
81 126 168
81 126 221
81 221 222
81 221 168
81 221 126
81 252 146
81 252 175
81 252 192
81 146 175
81 146 252
81 146 192
81 175 252
81 175 146
81 175 192
81 192 252
81 192 146
81 192 175
