103 232 108
103 232 109
103 232 88
103 108 109
103 108 232
103 108 88
103 109 232
103 109 108
103 109 88
103 88 232
103 88 108
103 88 109
103 274 99
103 274 107
103 274 81
103 99 107
103 99 274
103 99 81
103 107 274
103 107 99
103 107 81
103 81 274
103 81 99
103 81 107
103 286 142
103 286 118
103 286 114
103 142 118
103 142 286
103 142 114
103 118 286
103 118 142
103 118 114
103 114 286
103 114 142
103 114 118
103 282 153
103 282 102
103 282 152
103 153 102
103 153 282
103 153 152
103 102 282
103 102 153
103 102 152
103 152 282
103 152 153
103 152 102
103 191 190
103 191 190
103 191 160
103 190 190
103 190 191
103 190 160
103 190 191
103 190 190
103 190 160
103 160 191
103 160 190
103 160 190
