98 75 62
98 75 51
98 75 43
98 62 51
98 62 75
98 62 43
98 51 75
98 51 62
98 51 43
98 43 75
98 43 62
98 43 51
98 69 38
98 69 24
98 69 34
98 38 24
98 38 69
98 38 34
98 24 69
98 24 38
98 24 34
98 34 69
98 34 38
98 34 24
98 49 48
98 49 34
98 49 28
98 48 34
98 48 49
98 48 28
98 34 49
98 34 48
98 34 28
98 28 49
98 28 48
98 28 34
98 75 32
98 75 41
98 75 44
98 32 41
98 32 75
98 32 44
98 41 75
98 41 32
98 41 44
98 44 75
98 44 32
98 44 41
98 91 57
98 91 47
98 91 55
98 57 47
98 57 91
98 57 55
98 47 91
98 47 57
98 47 55
98 55 91
98 55 57
98 55 47
