118 32 47
118 32 58
118 32 69
118 47 58
118 47 32
118 47 69
118 58 32
118 58 47
118 58 69
118 69 32
118 69 47
118 69 58
118 76 63
118 76 44
118 76 47
118 63 44
118 63 76
118 63 47
118 44 76
118 44 63
118 44 47
118 47 76
118 47 63
118 47 44
118 43 34
118 43 70
118 43 37
118 34 70
118 34 43
118 34 37
118 70 43
118 70 34
118 70 37
118 37 43
118 37 34
118 37 70
118 54 42
118 54 44
118 54 51
118 42 44
118 42 54
118 42 51
118 44 54
118 44 42
118 44 51
118 51 54
118 51 42
118 51 44
118 33 51
118 33 41
118 33 40
118 51 41
118 51 33
118 51 40
118 41 33
118 41 51
118 41 40
118 40 33
118 40 51
118 40 41
