50 31 290
50 31 303
50 31 267
50 290 303
50 290 31
50 290 267
50 303 31
50 303 290
50 303 267
50 267 31
50 267 290
50 267 303
50 37 250
50 37 254
50 37 250
50 250 254
50 250 37
50 250 250
50 254 37
50 254 250
50 254 250
50 250 37
50 250 250
50 250 254
50 33 286
50 33 265
50 33 254
50 286 265
50 286 33
50 286 254
50 265 33
50 265 286
50 265 254
50 254 33
50 254 286
50 254 265
50 33 396
50 33 362
50 33 449
50 396 362
50 396 33
50 396 449
50 362 33
50 362 396
50 362 449
50 449 33
50 449 396
50 449 362
50 40 405
50 40 472
50 40 374
50 405 472
50 405 40
50 405 374
50 472 40
50 472 405
50 472 374
50 374 40
50 374 405
50 374 472
