79 52 42
79 52 55
79 52 44
79 42 55
79 42 52
79 42 44
79 55 52
79 55 42
79 55 44
79 44 52
79 44 42
79 44 55
79 57 52
79 57 35
79 57 35
79 52 35
79 52 57
79 52 35
79 35 57
79 35 52
79 35 35
79 35 57
79 35 52
79 35 35
79 115 41
79 115 52
79 115 60
79 41 52
79 41 115
79 41 60
79 52 115
79 52 41
79 52 60
79 60 115
79 60 41
79 60 52
79 74 38
79 74 61
79 74 62
79 38 61
79 38 74
79 38 62
79 61 74
79 61 38
79 61 62
79 62 74
79 62 38
79 62 61
79 79 87
79 79 57
79 79 44
79 87 57
79 87 79
79 87 44
79 57 79
79 57 87
79 57 44
79 44 79
79 44 87
79 44 57
