116 82 197
116 82 70
116 82 166
116 197 70
116 197 82
116 197 166
116 70 82
116 70 197
116 70 166
116 166 82
116 166 197
116 166 70
116 45 120
116 45 175
116 45 158
116 120 175
116 120 45
116 120 158
116 175 45
116 175 120
116 175 158
116 158 45
116 158 120
116 158 175
116 50 109
116 50 171
116 50 141
116 109 171
116 109 50
116 109 141
116 171 50
116 171 109
116 171 141
116 141 50
116 141 109
116 141 171
116 74 104
116 74 93
116 74 96
116 104 93
116 104 74
116 104 96
116 93 74
116 93 104
116 93 96
116 96 74
116 96 104
116 96 93
116 57 122
116 57 110
116 57 106
116 122 110
116 122 57
116 122 106
116 110 57
116 110 122
116 110 106
116 106 57
116 106 122
116 106 110
