114 57 26
114 57 13
114 57 27
114 26 13
114 26 57
114 26 27
114 13 57
114 13 26
114 13 27
114 27 57
114 27 26
114 27 13
114 51 17
114 51 19
114 51 10
114 17 19
114 17 51
114 17 10
114 19 51
114 19 17
114 19 10
114 10 51
114 10 17
114 10 19
114 47 10
114 47 14
114 47 31
114 10 14
114 10 47
114 10 31
114 14 47
114 14 10
114 14 31
114 31 47
114 31 10
114 31 14
114 45 20
114 45 23
114 45 27
114 20 23
114 20 45
114 20 27
114 23 45
114 23 20
114 23 27
114 27 45
114 27 20
114 27 23
114 47 21
114 47 13
114 47 29
114 21 13
114 21 47
114 21 29
114 13 47
114 13 21
114 13 29
114 29 47
114 29 21
114 29 13
