111 145 308
111 145 284
111 145 303
111 308 284
111 308 145
111 308 303
111 284 145
111 284 308
111 284 303
111 303 145
111 303 308
111 303 284
111 135 212
111 135 210
111 135 253
111 212 210
111 212 135
111 212 253
111 210 135
111 210 212
111 210 253
111 253 135
111 253 212
111 253 210
111 180 236
111 180 173
111 180 196
111 236 173
111 236 180
111 236 196
111 173 180
111 173 236
111 173 196
111 196 180
111 196 236
111 196 173
111 171 169
111 171 161
111 171 178
111 169 161
111 169 171
111 169 178
111 161 171
111 161 169
111 161 178
111 178 171
111 178 169
111 178 161
111 132 171
111 132 203
111 132 168
111 171 203
111 171 132
111 171 168
111 203 132
111 203 171
111 203 168
111 168 132
111 168 171
111 168 203
