42 26 31
42 26 15
42 26 28
42 31 15
42 31 26
42 31 28
42 15 26
42 15 31
42 15 28
42 28 26
42 28 31
42 28 15
42 15 26
42 15 13
42 15 25
42 26 13
42 26 15
42 26 25
42 13 15
42 13 26
42 13 25
42 25 15
42 25 26
42 25 13
42 23 53
42 23 60
42 23 46
42 53 60
42 53 23
42 53 46
42 60 23
42 60 53
42 60 46
42 46 23
42 46 53
42 46 60
42 19 51
42 19 51
42 19 33
42 51 51
42 51 19
42 51 33
42 51 19
42 51 51
42 51 33
42 33 19
42 33 51
42 33 51
42 43 93
42 43 81
42 43 99
42 93 81
42 93 43
42 93 99
42 81 43
42 81 93
42 81 99
42 99 43
42 99 93
42 99 81
