53 123 217
53 123 227
53 123 218
53 217 227
53 217 123
53 217 218
53 227 123
53 227 217
53 227 218
53 218 123
53 218 217
53 218 227
53 105 356
53 105 389
53 105 342
53 356 389
53 356 105
53 356 342
53 389 105
53 389 356
53 389 342
53 342 105
53 342 356
53 342 389
53 125 164
53 125 151
53 125 132
53 164 151
53 164 125
53 164 132
53 151 125
53 151 164
53 151 132
53 132 125
53 132 164
53 132 151
53 100 131
53 100 151
53 100 152
53 131 151
53 131 100
53 131 152
53 151 100
53 151 131
53 151 152
53 152 100
53 152 131
53 152 151
53 111 164
53 111 156
53 111 124
53 164 156
53 164 111
53 164 124
53 156 111
53 156 164
53 156 124
53 124 111
53 124 164
53 124 156
