69 404 172
69 404 173
69 404 217
69 172 173
69 172 404
69 172 217
69 173 404
69 173 172
69 173 217
69 217 404
69 217 172
69 217 173
69 321 159
69 321 180
69 321 201
69 159 180
69 159 321
69 159 201
69 180 321
69 180 159
69 180 201
69 201 321
69 201 159
69 201 180
69 247 154
69 247 184
69 247 238
69 154 184
69 154 247
69 154 238
69 184 247
69 184 154
69 184 238
69 238 247
69 238 154
69 238 184
69 404 158
69 404 237
69 404 191
69 158 237
69 158 404
69 158 191
69 237 404
69 237 158
69 237 191
69 191 404
69 191 158
69 191 237
69 361 227
69 361 208
69 361 255
69 227 208
69 227 361
69 227 255
69 208 361
69 208 227
69 208 255
69 255 361
69 255 227
69 255 208
