44 49 110
44 49 124
44 49 107
44 110 124
44 110 49
44 110 107
44 124 49
44 124 110
44 124 107
44 107 49
44 107 110
44 107 124
44 64 98
44 64 103
44 64 90
44 98 103
44 98 64
44 98 90
44 103 64
44 103 98
44 103 90
44 90 64
44 90 98
44 90 103
44 52 141
44 52 152
44 52 157
44 141 152
44 141 52
44 141 157
44 152 52
44 152 141
44 152 157
44 157 52
44 157 141
44 157 152
44 66 211
44 66 244
44 66 221
44 211 244
44 211 66
44 211 221
44 244 66
44 244 211
44 244 221
44 221 66
44 221 211
44 221 244
44 63 279
44 63 285
44 63 296
44 279 285
44 279 63
44 279 296
44 285 63
44 285 279
44 285 296
44 296 63
44 296 279
44 296 285
