121 44 20
121 44 8
121 44 28
121 20 8
121 20 44
121 20 28
121 8 44
121 8 20
121 8 28
121 28 44
121 28 20
121 28 8
121 30 20
121 30 23
121 30 16
121 20 23
121 20 30
121 20 16
121 23 30
121 23 20
121 23 16
121 16 30
121 16 20
121 16 23
121 29 32
121 29 38
121 29 44
121 32 38
121 32 29
121 32 44
121 38 29
121 38 32
121 38 44
121 44 29
121 44 32
121 44 38
121 35 30
121 35 19
121 35 23
121 30 19
121 30 35
121 30 23
121 19 35
121 19 30
121 19 23
121 23 35
121 23 30
121 23 19
121 17 40
121 17 54
121 17 46
121 40 54
121 40 17
121 40 46
121 54 17
121 54 40
121 54 46
121 46 17
121 46 40
121 46 54
