83 55 25
83 55 22
83 55 15
83 25 22
83 25 55
83 25 15
83 22 55
83 22 25
83 22 15
83 15 55
83 15 25
83 15 22
83 39 25
83 39 31
83 39 36
83 25 31
83 25 39
83 25 36
83 31 39
83 31 25
83 31 36
83 36 39
83 36 25
83 36 31
83 47 22
83 47 12
83 47 29
83 22 12
83 22 47
83 22 29
83 12 47
83 12 22
83 12 29
83 29 47
83 29 22
83 29 12
83 59 26
83 59 25
83 59 34
83 26 25
83 26 59
83 26 34
83 25 59
83 25 26
83 25 34
83 34 59
83 34 26
83 34 25
83 48 28
83 48 22
83 48 26
83 28 22
83 28 48
83 28 26
83 22 48
83 22 28
83 22 26
83 26 48
83 26 28
83 26 22
