61 51 46
61 51 42
61 51 53
61 46 42
61 46 51
61 46 53
61 42 51
61 42 46
61 42 53
61 53 51
61 53 46
61 53 42
61 61 56
61 61 49
61 61 52
61 56 49
61 56 61
61 56 52
61 49 61
61 49 56
61 49 52
61 52 61
61 52 56
61 52 49
61 87 37
61 87 44
61 87 62
61 37 44
61 37 87
61 37 62
61 44 87
61 44 37
61 44 62
61 62 87
61 62 37
61 62 44
61 40 31
61 40 43
61 40 47
61 31 43
61 31 40
61 31 47
61 43 40
61 43 31
61 43 47
61 47 40
61 47 31
61 47 43
61 59 37
61 59 33
61 59 57
61 37 33
61 37 59
61 37 57
61 33 59
61 33 37
61 33 57
61 57 59
61 57 37
61 57 33
