48 14 22
48 14 17
48 14 21
48 22 17
48 22 14
48 22 21
48 17 14
48 17 22
48 17 21
48 21 14
48 21 22
48 21 17
48 12 19
48 12 14
48 12 17
48 19 14
48 19 12
48 19 17
48 14 12
48 14 19
48 14 17
48 17 12
48 17 19
48 17 14
48 15 22
48 15 33
48 15 48
48 22 33
48 22 15
48 22 48
48 33 15
48 33 22
48 33 48
48 48 15
48 48 22
48 48 33
48 12 40
48 12 28
48 12 48
48 40 28
48 40 12
48 40 48
48 28 12
48 28 40
48 28 48
48 48 12
48 48 40
48 48 28
48 15 32
48 15 51
48 15 22
48 32 51
48 32 15
48 32 22
48 51 15
48 51 32
48 51 22
48 22 15
48 22 32
48 22 51
