77 24 34
77 24 18
77 24 21
77 34 18
77 34 24
77 34 21
77 18 24
77 18 34
77 18 21
77 21 24
77 21 34
77 21 18
77 13 22
77 13 25
77 13 35
77 22 25
77 22 13
77 22 35
77 25 13
77 25 22
77 25 35
77 35 13
77 35 22
77 35 25
77 18 31
77 18 23
77 18 25
77 31 23
77 31 18
77 31 25
77 23 18
77 23 31
77 23 25
77 25 18
77 25 31
77 25 23
77 26 15
77 26 17
77 26 24
77 15 17
77 15 26
77 15 24
77 17 26
77 17 15
77 17 24
77 24 26
77 24 15
77 24 17
77 23 22
77 23 19
77 23 34
77 22 19
77 22 23
77 22 34
77 19 23
77 19 22
77 19 34
77 34 23
77 34 22
77 34 19
