43 39 70
43 39 75
43 39 45
43 70 75
43 70 39
43 70 45
43 75 39
43 75 70
43 75 45
43 45 39
43 45 70
43 45 75
43 33 52
43 33 44
43 33 54
43 52 44
43 52 33
43 52 54
43 44 33
43 44 52
43 44 54
43 54 33
43 54 52
43 54 44
43 48 99
43 48 84
43 48 70
43 99 84
43 99 48
43 99 70
43 84 48
43 84 99
43 84 70
43 70 48
43 70 99
43 70 84
43 63 100
43 63 118
43 63 134
43 100 118
43 100 63
43 100 134
43 118 63
43 118 100
43 118 134
43 134 63
43 134 100
43 134 118
43 116 254
43 116 202
43 116 201
43 254 202
43 254 116
43 254 201
43 202 116
43 202 254
43 202 201
43 201 116
43 201 254
43 201 202
