129 80 94
129 80 91
129 80 103
129 94 91
129 94 80
129 94 103
129 91 80
129 91 94
129 91 103
129 103 80
129 103 94
129 103 91
129 57 95
129 57 103
129 57 109
129 95 103
129 95 57
129 95 109
129 103 57
129 103 95
129 103 109
129 109 57
129 109 95
129 109 103
129 53 65
129 53 80
129 53 94
129 65 80
129 65 53
129 65 94
129 80 53
129 80 65
129 80 94
129 94 53
129 94 65
129 94 80
129 58 99
129 58 93
129 58 91
129 99 93
129 99 58
129 99 91
129 93 58
129 93 99
129 93 91
129 91 58
129 91 99
129 91 93
129 68 79
129 68 69
129 68 60
129 79 69
129 79 68
129 79 60
129 69 68
129 69 79
129 69 60
129 60 68
129 60 79
129 60 69
