87 38 15
87 38 19
87 38 26
87 15 19
87 15 38
87 15 26
87 19 38
87 19 15
87 19 26
87 26 38
87 26 15
87 26 19
87 37 7
87 37 19
87 37 13
87 7 19
87 7 37
87 7 13
87 19 37
87 19 7
87 19 13
87 13 37
87 13 7
87 13 19
87 29 18
87 29 22
87 29 26
87 18 22
87 18 29
87 18 26
87 22 29
87 22 18
87 22 26
87 26 29
87 26 18
87 26 22
87 19 15
87 19 10
87 19 29
87 15 10
87 15 19
87 15 29
87 10 19
87 10 15
87 10 29
87 29 19
87 29 15
87 29 10
87 23 21
87 23 14
87 23 22
87 21 14
87 21 23
87 21 22
87 14 23
87 14 21
87 14 22
87 22 23
87 22 21
87 22 14
