52 30 18
52 30 17
52 30 35
52 18 17
52 18 30
52 18 35
52 17 30
52 17 18
52 17 35
52 35 30
52 35 18
52 35 17
52 25 46
52 25 49
52 25 51
52 46 49
52 46 25
52 46 51
52 49 25
52 49 46
52 49 51
52 51 25
52 51 46
52 51 49
52 29 59
52 29 72
52 29 65
52 59 72
52 59 29
52 59 65
52 72 29
52 72 59
52 72 65
52 65 29
52 65 59
52 65 72
52 28 35
52 28 55
52 28 41
52 35 55
52 35 28
52 35 41
52 55 28
52 55 35
52 55 41
52 41 28
52 41 35
52 41 55
52 28 40
52 28 42
52 28 48
52 40 42
52 40 28
52 40 48
52 42 28
52 42 40
52 42 48
52 48 28
52 48 40
52 48 42
