136 30 32
136 30 20
136 30 36
136 32 20
136 32 30
136 32 36
136 20 30
136 20 32
136 20 36
136 36 30
136 36 32
136 36 20
136 46 42
136 46 42
136 46 43
136 42 42
136 42 46
136 42 43
136 42 46
136 42 42
136 42 43
136 43 46
136 43 42
136 43 42
136 35 23
136 35 38
136 35 55
136 23 38
136 23 35
136 23 55
136 38 35
136 38 23
136 38 55
136 55 35
136 55 23
136 55 38
136 16 36
136 16 40
136 16 44
136 36 40
136 36 16
136 36 44
136 40 16
136 40 36
136 40 44
136 44 16
136 44 36
136 44 40
136 35 15
136 35 9
136 35 10
136 15 9
136 15 35
136 15 10
136 9 35
136 9 15
136 9 10
136 10 35
136 10 15
136 10 9
