124 76 102
124 76 96
124 76 59
124 102 96
124 102 76
124 102 59
124 96 76
124 96 102
124 96 59
124 59 76
124 59 102
124 59 96
124 95 105
124 95 97
124 95 88
124 105 97
124 105 95
124 105 88
124 97 95
124 97 105
124 97 88
124 88 95
124 88 105
124 88 97
124 67 126
124 67 111
124 67 87
124 126 111
124 126 67
124 126 87
124 111 67
124 111 126
124 111 87
124 87 67
124 87 126
124 87 111
124 73 80
124 73 75
124 73 79
124 80 75
124 80 73
124 80 79
124 75 73
124 75 80
124 75 79
124 79 73
124 79 80
124 79 75
124 63 108
124 63 62
124 63 73
124 108 62
124 108 63
124 108 73
124 62 63
124 62 108
124 62 73
124 73 63
124 73 108
124 73 62
