122 92 99
122 92 80
122 92 90
122 99 80
122 99 92
122 99 90
122 80 92
122 80 99
122 80 90
122 90 92
122 90 99
122 90 80
122 116 81
122 116 75
122 116 90
122 81 75
122 81 116
122 81 90
122 75 116
122 75 81
122 75 90
122 90 116
122 90 81
122 90 75
122 127 111
122 127 95
122 127 79
122 111 95
122 111 127
122 111 79
122 95 127
122 95 111
122 95 79
122 79 127
122 79 111
122 79 95
122 80 90
122 80 73
122 80 96
122 90 73
122 90 80
122 90 96
122 73 80
122 73 90
122 73 96
122 96 80
122 96 90
122 96 73
122 104 90
122 104 88
122 104 72
122 90 88
122 90 104
122 90 72
122 88 104
122 88 90
122 88 72
122 72 104
122 72 90
122 72 88
