82 75 60
82 75 60
82 75 56
82 60 60
82 60 75
82 60 56
82 60 75
82 60 60
82 60 56
82 56 75
82 56 60
82 56 60
82 88 58
82 88 68
82 88 66
82 58 68
82 58 88
82 58 66
82 68 88
82 68 58
82 68 66
82 66 88
82 66 58
82 66 68
82 94 66
82 94 67
82 94 56
82 66 67
82 66 94
82 66 56
82 67 94
82 67 66
82 67 56
82 56 94
82 56 66
82 56 67
82 106 57
82 106 61
82 106 62
82 57 61
82 57 106
82 57 62
82 61 106
82 61 57
82 61 62
82 62 106
82 62 57
82 62 61
82 105 50
82 105 58
82 105 70
82 50 58
82 50 105
82 50 70
82 58 105
82 58 50
82 58 70
82 70 105
82 70 50
82 70 58
