46 75 344
46 75 345
46 75 338
46 344 345
46 344 75
46 344 338
46 345 75
46 345 344
46 345 338
46 338 75
46 338 344
46 338 345
46 64 237
46 64 217
46 64 238
46 237 217
46 237 64
46 237 238
46 217 64
46 217 237
46 217 238
46 238 64
46 238 237
46 238 217
46 64 450
46 64 400
46 64 421
46 450 400
46 450 64
46 450 421
46 400 64
46 400 450
46 400 421
46 421 64
46 421 450
46 421 400
46 94 497
46 94 519
46 94 523
46 497 519
46 497 94
46 497 523
46 519 94
46 519 497
46 519 523
46 523 94
46 523 497
46 523 519
46 103 640
46 103 594
46 103 615
46 640 594
46 640 103
46 640 615
46 594 103
46 594 640
46 594 615
46 615 103
46 615 640
46 615 594
