52 51 391
52 51 359
52 51 378
52 391 359
52 391 51
52 391 378
52 359 51
52 359 391
52 359 378
52 378 51
52 378 391
52 378 359
52 73 401
52 73 405
52 73 372
52 401 405
52 401 73
52 401 372
52 405 73
52 405 401
52 405 372
52 372 73
52 372 401
52 372 405
52 73 502
52 73 534
52 73 417
52 502 534
52 502 73
52 502 417
52 534 73
52 534 502
52 534 417
52 417 73
52 417 502
52 417 534
52 107 365
52 107 348
52 107 412
52 365 348
52 365 107
52 365 412
52 348 107
52 348 365
52 348 412
52 412 107
52 412 365
52 412 348
52 54 472
52 54 543
52 54 479
52 472 543
52 472 54
52 472 479
52 543 54
52 543 472
52 543 479
52 479 54
52 479 472
52 479 543
