112 98 82
112 98 134
112 98 137
112 82 134
112 82 98
112 82 137
112 134 98
112 134 82
112 134 137
112 137 98
112 137 82
112 137 134
112 87 143
112 87 131
112 87 88
112 143 131
112 143 87
112 143 88
112 131 87
112 131 143
112 131 88
112 88 87
112 88 143
112 88 131
112 79 127
112 79 113
112 79 83
112 127 113
112 127 79
112 127 83
112 113 79
112 113 127
112 113 83
112 83 79
112 83 127
112 83 113
112 85 107
112 85 111
112 85 101
112 107 111
112 107 85
112 107 101
112 111 85
112 111 107
112 111 101
112 101 85
112 101 107
112 101 111
112 61 92
112 61 82
112 61 84
112 92 82
112 92 61
112 92 84
112 82 61
112 82 92
112 82 84
112 84 61
112 84 92
112 84 82
