133 12 12
133 12 19
133 12 10
133 12 19
133 12 12
133 12 10
133 19 12
133 19 12
133 19 10
133 10 12
133 10 12
133 10 19
133 15 22
133 15 11
133 15 15
133 22 11
133 22 15
133 22 15
133 11 15
133 11 22
133 11 15
133 15 15
133 15 22
133 15 11
133 13 13
133 13 11
133 13 18
133 13 11
133 13 13
133 13 18
133 11 13
133 11 13
133 11 18
133 18 13
133 18 13
133 18 11
133 12 7
133 12 11
133 12 19
133 7 11
133 7 12
133 7 19
133 11 12
133 11 7
133 11 19
133 19 12
133 19 7
133 19 11
133 9 4
133 9 5
133 9 7
133 4 5
133 4 9
133 4 7
133 5 9
133 5 4
133 5 7
133 7 9
133 7 4
133 7 5
