105 169 166
105 169 168
105 169 201
105 166 168
105 166 169
105 166 201
105 168 169
105 168 166
105 168 201
105 201 169
105 201 166
105 201 168
105 189 136
105 189 160
105 189 164
105 136 160
105 136 189
105 136 164
105 160 189
105 160 136
105 160 164
105 164 189
105 164 136
105 164 160
105 155 259
105 155 237
105 155 245
105 259 237
105 259 155
105 259 245
105 237 155
105 237 259
105 237 245
105 245 155
105 245 259
105 245 237
105 198 274
105 198 263
105 198 239
105 274 263
105 274 198
105 274 239
105 263 198
105 263 274
105 263 239
105 239 198
105 239 274
105 239 263
105 180 291
105 180 250
105 180 324
105 291 250
105 291 180
105 291 324
105 250 180
105 250 291
105 250 324
105 324 180
105 324 291
105 324 250
