59 120 172
59 120 262
59 120 249
59 172 262
59 172 120
59 172 249
59 262 120
59 262 172
59 262 249
59 249 120
59 249 172
59 249 262
59 87 285
59 87 179
59 87 190
59 285 179
59 285 87
59 285 190
59 179 87
59 179 285
59 179 190
59 190 87
59 190 285
59 190 179
59 189 186
59 189 199
59 189 123
59 186 199
59 186 189
59 186 123
59 199 189
59 199 186
59 199 123
59 123 189
59 123 186
59 123 199
59 135 145
59 135 130
59 135 254
59 145 130
59 145 135
59 145 254
59 130 135
59 130 145
59 130 254
59 254 135
59 254 145
59 254 130
59 120 132
59 120 109
59 120 122
59 132 109
59 132 120
59 132 122
59 109 120
59 109 132
59 109 122
59 122 120
59 122 132
59 122 109
