137 12 36
137 12 38
137 12 45
137 36 38
137 36 12
137 36 45
137 38 12
137 38 36
137 38 45
137 45 12
137 45 36
137 45 38
137 23 45
137 23 43
137 23 62
137 45 43
137 45 23
137 45 62
137 43 23
137 43 45
137 43 62
137 62 23
137 62 45
137 62 43
137 19 27
137 19 39
137 19 26
137 27 39
137 27 19
137 27 26
137 39 19
137 39 27
137 39 26
137 26 19
137 26 27
137 26 39
137 9 9
137 9 17
137 9 15
137 9 17
137 9 9
137 9 15
137 17 9
137 17 9
137 17 15
137 15 9
137 15 9
137 15 17
137 6 11
137 6 6
137 6 13
137 11 6
137 11 6
137 11 13
137 6 6
137 6 11
137 6 13
137 13 6
137 13 11
137 13 6
