119 57 122
119 57 110
119 57 106
119 122 110
119 122 57
119 122 106
119 110 57
119 110 122
119 110 106
119 106 57
119 106 122
119 106 110
119 74 104
119 74 93
119 74 96
119 104 93
119 104 74
119 104 96
119 93 74
119 93 104
119 93 96
119 96 74
119 96 104
119 96 93
119 74 92
119 74 100
119 74 87
119 92 100
119 92 74
119 92 87
119 100 74
119 100 92
119 100 87
119 87 74
119 87 92
119 87 100
119 57 77
119 57 75
119 57 81
119 77 75
119 77 57
119 77 81
119 75 57
119 75 77
119 75 81
119 81 57
119 81 77
119 81 75
119 72 80
119 72 88
119 72 78
119 80 88
119 80 72
119 80 78
119 88 72
119 88 80
119 88 78
119 78 72
119 78 80
119 78 88
