129 19 26
129 19 25
129 19 28
129 26 25
129 26 19
129 26 28
129 25 19
129 25 26
129 25 28
129 28 19
129 28 26
129 28 25
129 25 24
129 25 21
129 25 23
129 24 21
129 24 25
129 24 23
129 21 25
129 21 24
129 21 23
129 23 25
129 23 24
129 23 21
129 28 13
129 28 23
129 28 18
129 13 23
129 13 28
129 13 18
129 23 28
129 23 13
129 23 18
129 18 28
129 18 13
129 18 23
129 20 9
129 20 9
129 20 17
129 9 9
129 9 20
129 9 17
129 9 20
129 9 9
129 9 17
129 17 20
129 17 9
129 17 9
129 14 17
129 14 16
129 14 29
129 17 16
129 17 14
129 17 29
129 16 14
129 16 17
129 16 29
129 29 14
129 29 17
129 29 16
