82 400 193
82 400 202
82 400 256
82 193 202
82 193 400
82 193 256
82 202 400
82 202 193
82 202 256
82 256 400
82 256 193
82 256 202
82 429 187
82 429 223
82 429 282
82 187 223
82 187 429
82 187 282
82 223 429
82 223 187
82 223 282
82 282 429
82 282 187
82 282 223
82 415 248
82 415 277
82 415 270
82 248 277
82 248 415
82 248 270
82 277 415
82 277 248
82 277 270
82 270 415
82 270 248
82 270 277
82 493 237
82 493 247
82 493 292
82 237 247
82 237 493
82 237 292
82 247 493
82 247 237
82 247 292
82 292 493
82 292 237
82 292 247
82 444 219
82 444 220
82 444 330
82 219 220
82 219 444
82 219 330
82 220 444
82 220 219
82 220 330
82 330 444
82 330 219
82 330 220
