96 260 83
96 260 54
96 260 59
96 83 54
96 83 260
96 83 59
96 54 260
96 54 83
96 54 59
96 59 260
96 59 83
96 59 54
96 204 62
96 204 62
96 204 62
96 62 62
96 62 204
96 62 62
96 62 204
96 62 62
96 62 62
96 62 204
96 62 62
96 62 62
96 237 67
96 237 42
96 237 61
96 67 42
96 67 237
96 67 61
96 42 237
96 42 67
96 42 61
96 61 237
96 61 67
96 61 42
96 307 82
96 307 78
96 307 77
96 82 78
96 82 307
96 82 77
96 78 307
96 78 82
96 78 77
96 77 307
96 77 82
96 77 78
96 261 91
96 261 85
96 261 83
96 91 85
96 91 261
96 91 83
96 85 261
96 85 91
96 85 83
96 83 261
96 83 91
96 83 85
