119 557 305
119 557 319
119 557 389
119 305 319
119 305 557
119 305 389
119 319 557
119 319 305
119 319 389
119 389 557
119 389 305
119 389 319
119 562 279
119 562 422
119 562 311
119 279 422
119 279 562
119 279 311
119 422 562
119 422 279
119 422 311
119 311 562
119 311 279
119 311 422
119 490 295
119 490 343
119 490 366
119 295 343
119 295 490
119 295 366
119 343 490
119 343 295
119 343 366
119 366 490
119 366 295
119 366 343
119 542 331
119 542 337
119 542 384
119 331 337
119 331 542
119 331 384
119 337 542
119 337 331
119 337 384
119 384 542
119 384 331
119 384 337
119 533 339
119 533 310
119 533 438
119 339 310
119 339 533
119 339 438
119 310 533
119 310 339
119 310 438
119 438 533
119 438 339
119 438 310
