52 63 205
52 63 235
52 63 197
52 205 235
52 205 63
52 205 197
52 235 63
52 235 205
52 235 197
52 197 63
52 197 205
52 197 235
52 76 246
52 76 258
52 76 215
52 246 258
52 246 76
52 246 215
52 258 76
52 258 246
52 258 215
52 215 76
52 215 246
52 215 258
52 59 182
52 59 162
52 59 167
52 182 162
52 182 59
52 182 167
52 162 59
52 162 182
52 162 167
52 167 59
52 167 182
52 167 162
52 60 118
52 60 133
52 60 112
52 118 133
52 118 60
52 118 112
52 133 60
52 133 118
52 133 112
52 112 60
52 112 118
52 112 133
52 60 95
52 60 131
52 60 107
52 95 131
52 95 60
52 95 107
52 131 60
52 131 95
52 131 107
52 107 60
52 107 95
52 107 131
