74 57 40
74 57 40
74 57 44
74 40 40
74 40 57
74 40 44
74 40 57
74 40 40
74 40 44
74 44 57
74 44 40
74 44 40
74 52 47
74 52 31
74 52 45
74 47 31
74 47 52
74 47 45
74 31 52
74 31 47
74 31 45
74 45 52
74 45 47
74 45 31
74 28 45
74 28 33
74 28 38
74 45 33
74 45 28
74 45 38
74 33 28
74 33 45
74 33 38
74 38 28
74 38 45
74 38 33
74 66 32
74 66 71
74 66 67
74 32 71
74 32 66
74 32 67
74 71 66
74 71 32
74 71 67
74 67 66
74 67 32
74 67 71
74 56 43
74 56 33
74 56 38
74 43 33
74 43 56
74 43 38
74 33 56
74 33 43
74 33 38
74 38 56
74 38 43
74 38 33
