59 25 31
59 25 37
59 25 35
59 31 37
59 31 25
59 31 35
59 37 25
59 37 31
59 37 35
59 35 25
59 35 31
59 35 37
59 33 21
59 33 21
59 33 40
59 21 21
59 21 33
59 21 40
59 21 33
59 21 21
59 21 40
59 40 33
59 40 21
59 40 21
59 40 38
59 40 23
59 40 29
59 38 23
59 38 40
59 38 29
59 23 40
59 23 38
59 23 29
59 29 40
59 29 38
59 29 23
59 9 25
59 9 28
59 9 24
59 25 28
59 25 9
59 25 24
59 28 9
59 28 25
59 28 24
59 24 9
59 24 25
59 24 28
59 38 40
59 38 33
59 38 44
59 40 33
59 40 38
59 40 44
59 33 38
59 33 40
59 33 44
59 44 38
59 44 40
59 44 33
