91 232 85
91 232 78
91 232 131
91 85 78
91 85 232
91 85 131
91 78 232
91 78 85
91 78 131
91 131 232
91 131 85
91 131 78
91 210 108
91 210 82
91 210 82
91 108 82
91 108 210
91 108 82
91 82 210
91 82 108
91 82 82
91 82 210
91 82 108
91 82 82
91 272 81
91 272 105
91 272 125
91 81 105
91 81 272
91 81 125
91 105 272
91 105 81
91 105 125
91 125 272
91 125 81
91 125 105
91 194 113
91 194 78
91 194 113
91 113 78
91 113 194
91 113 113
91 78 194
91 78 113
91 78 113
91 113 194
91 113 113
91 113 78
91 249 101
91 249 102
91 249 138
91 101 102
91 101 249
91 101 138
91 102 249
91 102 101
91 102 138
91 138 249
91 138 101
91 138 102
