57 145 471
57 145 433
57 145 462
57 471 433
57 471 145
57 471 462
57 433 145
57 433 471
57 433 462
57 462 145
57 462 471
57 462 433
57 131 329
57 131 352
57 131 319
57 329 352
57 329 131
57 329 319
57 352 131
57 352 329
57 352 319
57 319 131
57 319 329
57 319 352
57 104 342
57 104 358
57 104 356
57 342 358
57 342 104
57 342 356
57 358 104
57 358 342
57 358 356
57 356 104
57 356 342
57 356 358
57 113 288
57 113 296
57 113 300
57 288 296
57 288 113
57 288 300
57 296 113
57 296 288
57 296 300
57 300 113
57 300 288
57 300 296
57 129 327
57 129 321
57 129 324
57 327 321
57 327 129
57 327 324
57 321 129
57 321 327
57 321 324
57 324 129
57 324 327
57 324 321
