140 38 22
140 38 21
140 38 32
140 22 21
140 22 38
140 22 32
140 21 38
140 21 22
140 21 32
140 32 38
140 32 22
140 32 21
140 22 25
140 22 36
140 22 43
140 25 36
140 25 22
140 25 43
140 36 22
140 36 25
140 36 43
140 43 22
140 43 25
140 43 36
140 16 2
140 16 1
140 16 27
140 2 1
140 2 16
140 2 27
140 1 16
140 1 2
140 1 27
140 27 16
140 27 2
140 27 1
140 14 18
140 14 17
140 14 15
140 18 17
140 18 14
140 18 15
140 17 14
140 17 18
140 17 15
140 15 14
140 15 18
140 15 17
140 16 1
140 16 0
140 16 12
140 1 0
140 1 16
140 1 12
140 0 16
140 0 1
140 0 12
140 12 16
140 12 1
140 12 0
