84 152 52
84 152 44
84 152 39
84 52 44
84 52 152
84 52 39
84 44 152
84 44 52
84 44 39
84 39 152
84 39 52
84 39 44
84 165 46
84 165 55
84 165 66
84 46 55
84 46 165
84 46 66
84 55 165
84 55 46
84 55 66
84 66 165
84 66 46
84 66 55
84 133 41
84 133 41
84 133 63
84 41 41
84 41 133
84 41 63
84 41 133
84 41 41
84 41 63
84 63 133
84 63 41
84 63 41
84 142 58
84 142 39
84 142 69
84 58 39
84 58 142
84 58 69
84 39 142
84 39 58
84 39 69
84 69 142
84 69 58
84 69 39
84 122 54
84 122 29
84 122 52
84 54 29
84 54 122
84 54 52
84 29 122
84 29 54
84 29 52
84 52 122
84 52 54
84 52 29
