126 1045 534
126 1045 496
126 1045 687
126 534 496
126 534 1045
126 534 687
126 496 1045
126 496 534
126 496 687
126 687 1045
126 687 534
126 687 496
126 1022 513
126 1022 549
126 1022 738
126 513 549
126 513 1022
126 513 738
126 549 1022
126 549 513
126 549 738
126 738 1022
126 738 513
126 738 549
126 967 563
126 967 481
126 967 781
126 563 481
126 563 967
126 563 781
126 481 967
126 481 563
126 481 781
126 781 967
126 781 563
126 781 481
126 964 526
126 964 474
126 964 770
126 526 474
126 526 964
126 526 770
126 474 964
126 474 526
126 474 770
126 770 964
126 770 526
126 770 474
126 741 622
126 741 498
126 741 690
126 622 498
126 622 741
126 622 690
126 498 741
126 498 622
126 498 690
126 690 741
126 690 622
126 690 498
