108 70 112
108 70 125
108 70 87
108 112 125
108 112 70
108 112 87
108 125 70
108 125 112
108 125 87
108 87 70
108 87 112
108 87 125
108 83 113
108 83 96
108 83 85
108 113 96
108 113 83
108 113 85
108 96 83
108 96 113
108 96 85
108 85 83
108 85 113
108 85 96
108 75 100
108 75 70
108 75 117
108 100 70
108 100 75
108 100 117
108 70 75
108 70 100
108 70 117
108 117 75
108 117 100
108 117 70
108 106 72
108 106 81
108 106 100
108 72 81
108 72 106
108 72 100
108 81 106
108 81 72
108 81 100
108 100 106
108 100 72
108 100 81
108 63 123
108 63 112
108 63 102
108 123 112
108 123 63
108 123 102
108 112 63
108 112 123
108 112 102
108 102 63
108 102 123
108 102 112
