61 112 159
61 112 168
61 112 171
61 159 168
61 159 112
61 159 171
61 168 112
61 168 159
61 168 171
61 171 112
61 171 159
61 171 168
61 148 201
61 148 192
61 148 185
61 201 192
61 201 148
61 201 185
61 192 148
61 192 201
61 192 185
61 185 148
61 185 201
61 185 192
61 152 135
61 152 158
61 152 160
61 135 158
61 135 152
61 135 160
61 158 152
61 158 135
61 158 160
61 160 152
61 160 135
61 160 158
61 140 170
61 140 141
61 140 157
61 170 141
61 170 140
61 170 157
61 141 140
61 141 170
61 141 157
61 157 140
61 157 170
61 157 141
61 135 112
61 135 131
61 135 161
61 112 131
61 112 135
61 112 161
61 131 135
61 131 112
61 131 161
61 161 135
61 161 112
61 161 131
