59 102 96
59 102 93
59 102 93
59 96 93
59 96 102
59 96 93
59 93 102
59 93 96
59 93 93
59 93 102
59 93 96
59 93 93
59 106 112
59 106 110
59 106 80
59 112 110
59 112 106
59 112 80
59 110 106
59 110 112
59 110 80
59 80 106
59 80 112
59 80 110
59 133 65
59 133 46
59 133 102
59 65 46
59 65 133
59 65 102
59 46 133
59 46 65
59 46 102
59 102 133
59 102 65
59 102 46
59 167 70
59 167 59
59 167 69
59 70 59
59 70 167
59 70 69
59 59 167
59 59 70
59 59 69
59 69 167
59 69 70
59 69 59
59 132 71
59 132 66
59 132 86
59 71 66
59 71 132
59 71 86
59 66 132
59 66 71
59 66 86
59 86 132
59 86 71
59 86 66
