45 36 129
45 36 131
45 36 133
45 129 131
45 129 36
45 129 133
45 131 36
45 131 129
45 131 133
45 133 36
45 133 129
45 133 131
45 39 123
45 39 114
45 39 135
45 123 114
45 123 39
45 123 135
45 114 39
45 114 123
45 114 135
45 135 39
45 135 123
45 135 114
45 33 143
45 33 121
45 33 144
45 143 121
45 143 33
45 143 144
45 121 33
45 121 143
45 121 144
45 144 33
45 144 143
45 144 121
45 43 227
45 43 231
45 43 223
45 227 231
45 227 43
45 227 223
45 231 43
45 231 227
45 231 223
45 223 43
45 223 227
45 223 231
45 30 257
45 30 250
45 30 284
45 257 250
45 257 30
45 257 284
45 250 30
45 250 257
45 250 284
45 284 30
45 284 257
45 284 250
