59 1429 917
59 1429 1067
59 1429 1241
59 917 1067
59 917 1429
59 917 1241
59 1067 1429
59 1067 917
59 1067 1241
59 1241 1429
59 1241 917
59 1241 1067
59 1360 1179
59 1360 1241
59 1360 1209
59 1179 1241
59 1179 1360
59 1179 1209
59 1241 1360
59 1241 1179
59 1241 1209
59 1209 1360
59 1209 1179
59 1209 1241
59 1284 909
59 1284 1079
59 1284 1099
59 909 1079
59 909 1284
59 909 1099
59 1079 1284
59 1079 909
59 1079 1099
59 1099 1284
59 1099 909
59 1099 1079
59 1346 830
59 1346 981
59 1346 1193
59 830 981
59 830 1346
59 830 1193
59 981 1346
59 981 830
59 981 1193
59 1193 1346
59 1193 830
59 1193 981
59 1605 775
59 1605 1025
59 1605 1005
59 775 1025
59 775 1605
59 775 1005
59 1025 1605
59 1025 775
59 1025 1005
59 1005 1605
59 1005 775
59 1005 1025
