120 202 177
120 202 157
120 202 218
120 177 157
120 177 202
120 177 218
120 157 202
120 157 177
120 157 218
120 218 202
120 218 177
120 218 157
120 206 205
120 206 244
120 206 256
120 205 244
120 205 206
120 205 256
120 244 206
120 244 205
120 244 256
120 256 206
120 256 205
120 256 244
120 190 182
120 190 259
120 190 219
120 182 259
120 182 190
120 182 219
120 259 190
120 259 182
120 259 219
120 219 190
120 219 182
120 219 259
120 205 252
120 205 218
120 205 258
120 252 218
120 252 205
120 252 258
120 218 205
120 218 252
120 218 258
120 258 205
120 258 252
120 258 218
120 186 266
120 186 261
120 186 229
120 266 261
120 266 186
120 266 229
120 261 186
120 261 266
120 261 229
120 229 186
120 229 266
120 229 261
