130 145 160
130 145 153
130 145 138
130 160 153
130 160 145
130 160 138
130 153 145
130 153 160
130 153 138
130 138 145
130 138 160
130 138 153
130 166 121
130 166 143
130 166 158
130 121 143
130 121 166
130 121 158
130 143 166
130 143 121
130 143 158
130 158 166
130 158 121
130 158 143
130 112 163
130 112 124
130 112 136
130 163 124
130 163 112
130 163 136
130 124 112
130 124 163
130 124 136
130 136 112
130 136 163
130 136 124
130 122 78
130 122 113
130 122 114
130 78 113
130 78 122
130 78 114
130 113 122
130 113 78
130 113 114
130 114 122
130 114 78
130 114 113
130 79 128
130 79 152
130 79 131
130 128 152
130 128 79
130 128 131
130 152 79
130 152 128
130 152 131
130 131 79
130 131 128
130 131 152
