53 217 397
53 217 314
53 217 328
53 397 314
53 397 217
53 397 328
53 314 217
53 314 397
53 314 328
53 328 217
53 328 397
53 328 314
53 202 318
53 202 257
53 202 270
53 318 257
53 318 202
53 318 270
53 257 202
53 257 318
53 257 270
53 270 202
53 270 318
53 270 257
53 194 274
53 194 259
53 194 259
53 274 259
53 274 194
53 274 259
53 259 194
53 259 274
53 259 259
53 259 194
53 259 274
53 259 259
53 186 290
53 186 298
53 186 237
53 290 298
53 290 186
53 290 237
53 298 186
53 298 290
53 298 237
53 237 186
53 237 290
53 237 298
53 231 249
53 231 210
53 231 264
53 249 210
53 249 231
53 249 264
53 210 231
53 210 249
53 210 264
53 264 231
53 264 249
53 264 210
