46 116 254
46 116 202
46 116 201
46 254 202
46 254 116
46 254 201
46 202 116
46 202 254
46 202 201
46 201 116
46 201 254
46 201 202
46 63 100
46 63 118
46 63 134
46 100 118
46 100 63
46 100 134
46 118 63
46 118 100
46 118 134
46 134 63
46 134 100
46 134 118
46 107 292
46 107 287
46 107 266
46 292 287
46 292 107
46 292 266
46 287 107
46 287 292
46 287 266
46 266 107
46 266 292
46 266 287
46 160 413
46 160 301
46 160 344
46 413 301
46 413 160
46 413 344
46 301 160
46 301 413
46 301 344
46 344 160
46 344 413
46 344 301
46 126 686
46 126 596
46 126 637
46 686 596
46 686 126
46 686 637
46 596 126
46 596 686
46 596 637
46 637 126
46 637 686
46 637 596
