98 236 78
98 236 74
98 236 130
98 78 74
98 78 236
98 78 130
98 74 236
98 74 78
98 74 130
98 130 236
98 130 78
98 130 74
98 151 60
98 151 102
98 151 62
98 60 102
98 60 151
98 60 62
98 102 151
98 102 60
98 102 62
98 62 151
98 62 60
98 62 102
98 269 74
98 269 95
98 269 73
98 74 95
98 74 269
98 74 73
98 95 269
98 95 74
98 95 73
98 73 269
98 73 74
98 73 95
98 103 155
98 103 134
98 103 78
98 155 134
98 155 103
98 155 78
98 134 103
98 134 155
98 134 78
98 78 103
98 78 155
98 78 134
98 293 78
98 293 194
98 293 169
98 78 194
98 78 293
98 78 169
98 194 293
98 194 78
98 194 169
98 169 293
98 169 78
98 169 194
