52 172 645
52 172 685
52 172 611
52 645 685
52 645 172
52 645 611
52 685 172
52 685 645
52 685 611
52 611 172
52 611 645
52 611 685
52 165 716
52 165 805
52 165 722
52 716 805
52 716 165
52 716 722
52 805 165
52 805 716
52 805 722
52 722 165
52 722 716
52 722 805
52 173 443
52 173 471
52 173 416
52 443 471
52 443 173
52 443 416
52 471 173
52 471 443
52 471 416
52 416 173
52 416 443
52 416 471
52 167 309
52 167 290
52 167 306
52 309 290
52 309 167
52 309 306
52 290 167
52 290 309
52 290 306
52 306 167
52 306 309
52 306 290
52 207 284
52 207 261
52 207 245
52 284 261
52 284 207
52 284 245
52 261 207
52 261 284
52 261 245
52 245 207
52 245 284
52 245 261
