82 176 105
82 176 106
82 176 115
82 105 106
82 105 176
82 105 115
82 106 176
82 106 105
82 106 115
82 115 176
82 115 105
82 115 106
82 179 153
82 179 116
82 179 125
82 153 116
82 153 179
82 153 125
82 116 179
82 116 153
82 116 125
82 125 179
82 125 153
82 125 116
82 201 105
82 201 104
82 201 132
82 105 104
82 105 201
82 105 132
82 104 201
82 104 105
82 104 132
82 132 201
82 132 105
82 132 104
82 180 104
82 180 127
82 180 127
82 104 127
82 104 180
82 104 127
82 127 180
82 127 104
82 127 127
82 127 180
82 127 104
82 127 127
82 199 115
82 199 100
82 199 96
82 115 100
82 115 199
82 115 96
82 100 199
82 100 115
82 100 96
82 96 199
82 96 115
82 96 100
