134 97 53
134 97 51
134 97 84
134 53 51
134 53 97
134 53 84
134 51 97
134 51 53
134 51 84
134 84 97
134 84 53
134 84 51
134 103 68
134 103 84
134 103 83
134 68 84
134 68 103
134 68 83
134 84 103
134 84 68
134 84 83
134 83 103
134 83 68
134 83 84
134 59 59
134 59 59
134 59 63
134 59 59
134 59 59
134 59 63
134 59 59
134 59 59
134 59 63
134 63 59
134 63 59
134 63 59
134 21 46
134 21 54
134 21 37
134 46 54
134 46 21
134 46 37
134 54 21
134 54 46
134 54 37
134 37 21
134 37 46
134 37 54
134 41 39
134 41 33
134 41 38
134 39 33
134 39 41
134 39 38
134 33 41
134 33 39
134 33 38
134 38 41
134 38 39
134 38 33
