96 200 108
96 200 86
96 200 126
96 108 86
96 108 200
96 108 126
96 86 200
96 86 108
96 86 126
96 126 200
96 126 108
96 126 86
96 169 110
96 169 100
96 169 114
96 110 100
96 110 169
96 110 114
96 100 169
96 100 110
96 100 114
96 114 169
96 114 110
96 114 100
96 186 107
96 186 118
96 186 130
96 107 118
96 107 186
96 107 130
96 118 186
96 118 107
96 118 130
96 130 186
96 130 107
96 130 118
96 181 139
96 181 103
96 181 151
96 139 103
96 139 181
96 139 151
96 103 181
96 103 139
96 103 151
96 151 181
96 151 139
96 151 103
96 128 107
96 128 118
96 128 113
96 107 118
96 107 128
96 107 113
96 118 128
96 118 107
96 118 113
96 113 128
96 113 107
96 113 118
