40 17 11
40 17 10
40 17 9
40 11 10
40 11 17
40 11 9
40 10 17
40 10 11
40 10 9
40 9 17
40 9 11
40 9 10
40 10 2
40 10 7
40 10 4
40 2 7
40 2 10
40 2 4
40 7 10
40 7 2
40 7 4
40 4 10
40 4 2
40 4 7
40 8 9
40 8 10
40 8 13
40 9 10
40 9 8
40 9 13
40 10 8
40 10 9
40 10 13
40 13 8
40 13 9
40 13 10
40 23 25
40 23 24
40 23 23
40 25 24
40 25 23
40 25 23
40 24 23
40 24 25
40 24 23
40 23 23
40 23 25
40 23 24
40 15 17
40 15 29
40 15 21
40 17 29
40 17 15
40 17 21
40 29 15
40 29 17
40 29 21
40 21 15
40 21 17
40 21 29
