80 492 251
80 492 337
80 492 346
80 251 337
80 251 492
80 251 346
80 337 492
80 337 251
80 337 346
80 346 492
80 346 251
80 346 337
80 593 294
80 593 294
80 593 319
80 294 294
80 294 593
80 294 319
80 294 593
80 294 294
80 294 319
80 319 593
80 319 294
80 319 294
80 555 259
80 555 286
80 555 322
80 259 286
80 259 555
80 259 322
80 286 555
80 286 259
80 286 322
80 322 555
80 322 259
80 322 286
80 481 284
80 481 287
80 481 336
80 284 287
80 284 481
80 284 336
80 287 481
80 287 284
80 287 336
80 336 481
80 336 284
80 336 287
80 551 253
80 551 261
80 551 397
80 253 261
80 253 551
80 253 397
80 261 551
80 261 253
80 261 397
80 397 551
80 397 253
80 397 261
