99 139 130
99 139 140
99 139 126
99 130 140
99 130 139
99 130 126
99 140 139
99 140 130
99 140 126
99 126 139
99 126 130
99 126 140
99 154 142
99 154 124
99 154 157
99 142 124
99 142 154
99 142 157
99 124 154
99 124 142
99 124 157
99 157 154
99 157 142
99 157 124
99 138 156
99 138 147
99 138 137
99 156 147
99 156 138
99 156 137
99 147 138
99 147 156
99 147 137
99 137 138
99 137 156
99 137 147
99 164 159
99 164 167
99 164 150
99 159 167
99 159 164
99 159 150
99 167 164
99 167 159
99 167 150
99 150 164
99 150 159
99 150 167
99 122 128
99 122 200
99 122 200
99 128 200
99 128 122
99 128 200
99 200 122
99 200 128
99 200 200
99 200 122
99 200 128
99 200 200
