126 204 139
126 204 114
126 204 145
126 139 114
126 139 204
126 139 145
126 114 204
126 114 139
126 114 145
126 145 204
126 145 139
126 145 114
126 153 118
126 153 160
126 153 121
126 118 160
126 118 153
126 118 121
126 160 153
126 160 118
126 160 121
126 121 153
126 121 118
126 121 160
126 196 142
126 196 122
126 196 137
126 142 122
126 142 196
126 142 137
126 122 196
126 122 142
126 122 137
126 137 196
126 137 142
126 137 122
126 154 141
126 154 141
126 154 137
126 141 141
126 141 154
126 141 137
126 141 154
126 141 141
126 141 137
126 137 154
126 137 141
126 137 141
126 166 121
126 166 143
126 166 158
126 121 143
126 121 166
126 121 158
126 143 166
126 143 121
126 143 158
126 158 166
126 158 121
126 158 143
