140 37 31
140 37 38
140 37 37
140 31 38
140 31 37
140 31 37
140 38 37
140 38 31
140 38 37
140 37 37
140 37 31
140 37 38
140 111 34
140 111 30
140 111 40
140 34 30
140 34 111
140 34 40
140 30 111
140 30 34
140 30 40
140 40 111
140 40 34
140 40 30
140 30 18
140 30 23
140 30 22
140 18 23
140 18 30
140 18 22
140 23 30
140 23 18
140 23 22
140 22 30
140 22 18
140 22 23
140 41 26
140 41 14
140 41 38
140 26 14
140 26 41
140 26 38
140 14 41
140 14 26
140 14 38
140 38 41
140 38 26
140 38 14
140 23 0
140 23 0
140 23 1
140 0 0
140 0 23
140 0 1
140 0 23
140 0 0
140 0 1
140 1 23
140 1 0
140 1 0
