44 115 322
44 115 304
44 115 357
44 322 304
44 322 115
44 322 357
44 304 115
44 304 322
44 304 357
44 357 115
44 357 322
44 357 304
44 119 189
44 119 236
44 119 206
44 189 236
44 189 119
44 189 206
44 236 119
44 236 189
44 236 206
44 206 119
44 206 189
44 206 236
44 125 428
44 125 426
44 125 420
44 428 426
44 428 125
44 428 420
44 426 125
44 426 428
44 426 420
44 420 125
44 420 428
44 420 426
44 136 539
44 136 572
44 136 610
44 539 572
44 539 136
44 539 610
44 572 136
44 572 539
44 572 610
44 610 136
44 610 539
44 610 572
44 156 621
44 156 591
44 156 652
44 621 591
44 621 156
44 621 652
44 591 156
44 591 621
44 591 652
44 652 156
44 652 621
44 652 591
