87 143 65
87 143 52
87 143 73
87 65 52
87 65 143
87 65 73
87 52 143
87 52 65
87 52 73
87 73 143
87 73 65
87 73 52
87 158 45
87 158 74
87 158 56
87 45 74
87 45 158
87 45 56
87 74 158
87 74 45
87 74 56
87 56 158
87 56 45
87 56 74
87 127 66
87 127 74
87 127 67
87 66 74
87 66 127
87 66 67
87 74 127
87 74 66
87 74 67
87 67 127
87 67 66
87 67 74
87 131 64
87 131 52
87 131 59
87 64 52
87 64 131
87 64 59
87 52 131
87 52 64
87 52 59
87 59 131
87 59 64
87 59 52
87 155 66
87 155 50
87 155 62
87 66 50
87 66 155
87 66 62
87 50 155
87 50 66
87 50 62
87 62 155
87 62 66
87 62 50
