64 31 15
64 31 23
64 31 31
64 15 23
64 15 31
64 15 31
64 23 31
64 23 15
64 23 31
64 31 31
64 31 15
64 31 23
64 28 18
64 28 19
64 28 31
64 18 19
64 18 28
64 18 31
64 19 28
64 19 18
64 19 31
64 31 28
64 31 18
64 31 19
64 36 20
64 36 24
64 36 41
64 20 24
64 20 36
64 20 41
64 24 36
64 24 20
64 24 41
64 41 36
64 41 20
64 41 24
64 28 18
64 28 10
64 28 23
64 18 10
64 18 28
64 18 23
64 10 28
64 10 18
64 10 23
64 23 28
64 23 18
64 23 10
64 44 21
64 44 26
64 44 21
64 21 26
64 21 44
64 21 21
64 26 44
64 26 21
64 26 21
64 21 44
64 21 21
64 21 26
