78 127 84
78 127 92
78 127 62
78 84 92
78 84 127
78 84 62
78 92 127
78 92 84
78 92 62
78 62 127
78 62 84
78 62 92
78 147 83
78 147 67
78 147 61
78 83 67
78 83 147
78 83 61
78 67 147
78 67 83
78 67 61
78 61 147
78 61 83
78 61 67
78 117 70
78 117 89
78 117 84
78 70 89
78 70 117
78 70 84
78 89 117
78 89 70
78 89 84
78 84 117
78 84 70
78 84 89
78 133 87
78 133 70
78 133 45
78 87 70
78 87 133
78 87 45
78 70 133
78 70 87
78 70 45
78 45 133
78 45 87
78 45 70
78 123 60
78 123 75
78 123 86
78 60 75
78 60 123
78 60 86
78 75 123
78 75 60
78 75 86
78 86 123
78 86 60
78 86 75
