79 117 70
79 117 89
79 117 84
79 70 89
79 70 117
79 70 84
79 89 117
79 89 70
79 89 84
79 84 117
79 84 70
79 84 89
79 127 84
79 127 92
79 127 62
79 84 92
79 84 127
79 84 62
79 92 127
79 92 84
79 92 62
79 62 127
79 62 84
79 62 92
79 133 87
79 133 70
79 133 45
79 87 70
79 87 133
79 87 45
79 70 133
79 70 87
79 70 45
79 45 133
79 45 87
79 45 70
79 123 60
79 123 75
79 123 86
79 60 75
79 60 123
79 60 86
79 75 123
79 75 60
79 75 86
79 86 123
79 86 60
79 86 75
79 133 69
79 133 84
79 133 67
79 69 84
79 69 133
79 69 67
79 84 133
79 84 69
79 84 67
79 67 133
79 67 69
79 67 84
