125 74 96
125 74 73
125 74 106
125 96 73
125 96 74
125 96 106
125 73 74
125 73 96
125 73 106
125 106 74
125 106 96
125 106 73
125 64 76
125 64 83
125 64 107
125 76 83
125 76 64
125 76 107
125 83 64
125 83 76
125 83 107
125 107 64
125 107 76
125 107 83
125 69 67
125 69 69
125 69 70
125 67 69
125 67 69
125 67 70
125 69 69
125 69 67
125 69 70
125 70 69
125 70 67
125 70 69
125 61 87
125 61 84
125 61 88
125 87 84
125 87 61
125 87 88
125 84 61
125 84 87
125 84 88
125 88 61
125 88 87
125 88 84
125 77 77
125 77 71
125 77 71
125 77 71
125 77 77
125 77 71
125 71 77
125 71 77
125 71 71
125 71 77
125 71 77
125 71 71
