87 117 77
87 117 62
87 117 77
87 77 62
87 77 117
87 77 77
87 62 117
87 62 77
87 62 77
87 77 117
87 77 77
87 77 62
87 114 92
87 114 82
87 114 80
87 92 82
87 92 114
87 92 80
87 82 114
87 82 92
87 82 80
87 80 114
87 80 92
87 80 82
87 101 85
87 101 73
87 101 97
87 85 73
87 85 101
87 85 97
87 73 101
87 73 85
87 73 97
87 97 101
87 97 85
87 97 73
87 164 78
87 164 82
87 164 125
87 78 82
87 78 164
87 78 125
87 82 164
87 82 78
87 82 125
87 125 164
87 125 78
87 125 82
87 137 89
87 137 121
87 137 88
87 89 121
87 89 137
87 89 88
87 121 137
87 121 89
87 121 88
87 88 137
87 88 89
87 88 121
