56 7 37
56 7 45
56 7 35
56 37 45
56 37 7
56 37 35
56 45 7
56 45 37
56 45 35
56 35 7
56 35 37
56 35 45
56 18 47
56 18 53
56 18 45
56 47 53
56 47 18
56 47 45
56 53 18
56 53 47
56 53 45
56 45 18
56 45 47
56 45 53
56 21 36
56 21 23
56 21 31
56 36 23
56 36 21
56 36 31
56 23 21
56 23 36
56 23 31
56 31 21
56 31 36
56 31 23
56 25 23
56 25 13
56 25 26
56 23 13
56 23 25
56 23 26
56 13 25
56 13 23
56 13 26
56 26 25
56 26 23
56 26 13
56 18 29
56 18 17
56 18 20
56 29 17
56 29 18
56 29 20
56 17 18
56 17 29
56 17 20
56 20 18
56 20 29
56 20 17
