82 263 153
82 263 135
82 263 157
82 153 135
82 153 263
82 153 157
82 135 263
82 135 153
82 135 157
82 157 263
82 157 153
82 157 135
82 302 145
82 302 133
82 302 195
82 145 133
82 145 302
82 145 195
82 133 302
82 133 145
82 133 195
82 195 302
82 195 145
82 195 133
82 242 161
82 242 128
82 242 146
82 161 128
82 161 242
82 161 146
82 128 242
82 128 161
82 128 146
82 146 242
82 146 161
82 146 128
82 277 151
82 277 151
82 277 146
82 151 151
82 151 277
82 151 146
82 151 277
82 151 151
82 151 146
82 146 277
82 146 151
82 146 151
82 238 123
82 238 114
82 238 151
82 123 114
82 123 238
82 123 151
82 114 238
82 114 123
82 114 151
82 151 238
82 151 123
82 151 114
