79 49 14
79 49 33
79 49 30
79 14 33
79 14 49
79 14 30
79 33 49
79 33 14
79 33 30
79 30 49
79 30 14
79 30 33
79 27 17
79 27 19
79 27 19
79 17 19
79 17 27
79 17 19
79 19 27
79 19 17
79 19 19
79 19 27
79 19 17
79 19 19
79 20 12
79 20 23
79 20 16
79 12 23
79 12 20
79 12 16
79 23 20
79 23 12
79 23 16
79 16 20
79 16 12
79 16 23
79 19 24
79 19 30
79 19 13
79 24 30
79 24 19
79 24 13
79 30 19
79 30 24
79 30 13
79 13 19
79 13 24
79 13 30
79 35 12
79 35 30
79 35 40
79 12 30
79 12 35
79 12 40
79 30 35
79 30 12
79 30 40
79 40 35
79 40 12
79 40 30
