97 132 61
97 132 60
97 132 73
97 61 60
97 61 132
97 61 73
97 60 132
97 60 61
97 60 73
97 73 132
97 73 61
97 73 60
97 111 69
97 111 56
97 111 70
97 69 56
97 69 111
97 69 70
97 56 111
97 56 69
97 56 70
97 70 111
97 70 69
97 70 56
97 128 86
97 128 84
97 128 66
97 86 84
97 86 128
97 86 66
97 84 128
97 84 86
97 84 66
97 66 128
97 66 86
97 66 84
97 167 89
97 167 81
97 167 104
97 89 81
97 89 167
97 89 104
97 81 167
97 81 89
97 81 104
97 104 167
97 104 89
97 104 81
97 126 80
97 126 88
97 126 68
97 80 88
97 80 126
97 80 68
97 88 126
97 88 80
97 88 68
97 68 126
97 68 80
97 68 88
