87 541 482
87 541 311
87 541 414
87 482 311
87 482 541
87 482 414
87 311 541
87 311 482
87 311 414
87 414 541
87 414 482
87 414 311
87 846 319
87 846 369
87 846 463
87 319 369
87 319 846
87 319 463
87 369 846
87 369 319
87 369 463
87 463 846
87 463 319
87 463 369
87 373 371
87 373 301
87 373 418
87 371 301
87 371 373
87 371 418
87 301 373
87 301 371
87 301 418
87 418 373
87 418 371
87 418 301
87 828 411
87 828 512
87 828 535
87 411 512
87 411 828
87 411 535
87 512 828
87 512 411
87 512 535
87 535 828
87 535 411
87 535 512
87 846 300
87 846 300
87 846 535
87 300 300
87 300 846
87 300 535
87 300 846
87 300 300
87 300 535
87 535 846
87 535 300
87 535 300
