100 48 34
100 48 21
100 48 54
100 34 21
100 34 48
100 34 54
100 21 48
100 21 34
100 21 54
100 54 48
100 54 34
100 54 21
100 42 35
100 42 42
100 42 38
100 35 42
100 35 42
100 35 38
100 42 42
100 42 35
100 42 38
100 38 42
100 38 35
100 38 42
100 43 41
100 43 45
100 43 53
100 41 45
100 41 43
100 41 53
100 45 43
100 45 41
100 45 53
100 53 43
100 53 41
100 53 45
100 29 48
100 29 55
100 29 39
100 48 55
100 48 29
100 48 39
100 55 29
100 55 48
100 55 39
100 39 29
100 39 48
100 39 55
100 43 48
100 43 60
100 43 71
100 48 60
100 48 43
100 48 71
100 60 43
100 60 48
100 60 71
100 71 43
100 71 48
100 71 60
