65 99 140
65 99 110
65 99 114
65 140 110
65 140 99
65 140 114
65 110 99
65 110 140
65 110 114
65 114 99
65 114 140
65 114 110
65 105 120
65 105 142
65 105 127
65 120 142
65 120 105
65 120 127
65 142 105
65 142 120
65 142 127
65 127 105
65 127 120
65 127 142
65 113 148
65 113 126
65 113 128
65 148 126
65 148 113
65 148 128
65 126 113
65 126 148
65 126 128
65 128 113
65 128 148
65 128 126
65 102 131
65 102 104
65 102 132
65 131 104
65 131 102
65 131 132
65 104 102
65 104 131
65 104 132
65 132 102
65 132 131
65 132 104
65 121 130
65 121 126
65 121 142
65 130 126
65 130 121
65 130 142
65 126 121
65 126 130
65 126 142
65 142 121
65 142 130
65 142 126
