67 324 174
67 324 137
67 324 220
67 174 137
67 174 324
67 174 220
67 137 324
67 137 174
67 137 220
67 220 324
67 220 174
67 220 137
67 385 190
67 385 187
67 385 219
67 190 187
67 190 385
67 190 219
67 187 385
67 187 190
67 187 219
67 219 385
67 219 190
67 219 187
67 335 185
67 335 173
67 335 201
67 185 173
67 185 335
67 185 201
67 173 335
67 173 185
67 173 201
67 201 335
67 201 185
67 201 173
67 473 165
67 473 182
67 473 215
67 165 182
67 165 473
67 165 215
67 182 473
67 182 165
67 182 215
67 215 473
67 215 165
67 215 182
67 301 173
67 301 200
67 301 218
67 173 200
67 173 301
67 173 218
67 200 301
67 200 173
67 200 218
67 218 301
67 218 173
67 218 200
