112 274 210
112 274 172
112 274 181
112 210 172
112 210 274
112 210 181
112 172 274
112 172 210
112 172 181
112 181 274
112 181 210
112 181 172
112 201 198
112 201 220
112 201 194
112 198 220
112 198 201
112 198 194
112 220 201
112 220 198
112 220 194
112 194 201
112 194 198
112 194 220
112 213 185
112 213 183
112 213 185
112 185 183
112 185 213
112 185 185
112 183 213
112 183 185
112 183 185
112 185 213
112 185 185
112 185 183
112 269 159
112 269 158
112 269 148
112 159 158
112 159 269
112 159 148
112 158 269
112 158 159
112 158 148
112 148 269
112 148 159
112 148 158
112 179 132
112 179 140
112 179 133
112 132 140
112 132 179
112 132 133
112 140 179
112 140 132
112 140 133
112 133 179
112 133 132
112 133 140
