120 91 74
120 91 67
120 91 57
120 74 67
120 74 91
120 74 57
120 67 91
120 67 74
120 67 57
120 57 91
120 57 74
120 57 67
120 83 56
120 83 51
120 83 66
120 56 51
120 56 83
120 56 66
120 51 83
120 51 56
120 51 66
120 66 83
120 66 56
120 66 51
120 68 65
120 68 73
120 68 63
120 65 73
120 65 68
120 65 63
120 73 68
120 73 65
120 73 63
120 63 68
120 63 65
120 63 73
120 92 61
120 92 69
120 92 82
120 61 69
120 61 92
120 61 82
120 69 92
120 69 61
120 69 82
120 82 92
120 82 61
120 82 69
120 91 77
120 91 76
120 91 103
120 77 76
120 77 91
120 77 103
120 76 91
120 76 77
120 76 103
120 103 91
120 103 77
120 103 76
