62 78 76
62 78 91
62 78 86
62 76 91
62 76 78
62 76 86
62 91 78
62 91 76
62 91 86
62 86 78
62 86 76
62 86 91
62 53 91
62 53 87
62 53 84
62 91 87
62 91 53
62 91 84
62 87 53
62 87 91
62 87 84
62 84 53
62 84 91
62 84 87
62 80 59
62 80 86
62 80 78
62 59 86
62 59 80
62 59 78
62 86 80
62 86 59
62 86 78
62 78 80
62 78 59
62 78 86
62 60 87
62 60 63
62 60 69
62 87 63
62 87 60
62 87 69
62 63 60
62 63 87
62 63 69
62 69 60
62 69 87
62 69 63
62 81 76
62 81 43
62 81 94
62 76 43
62 76 81
62 76 94
62 43 81
62 43 76
62 43 94
62 94 81
62 94 76
62 94 43
