63 139 61
63 139 60
63 139 78
63 61 60
63 61 139
63 61 78
63 60 139
63 60 61
63 60 78
63 78 139
63 78 61
63 78 60
63 130 65
63 130 64
63 130 103
63 65 64
63 65 130
63 65 103
63 64 130
63 64 65
63 64 103
63 103 130
63 103 65
63 103 64
63 117 57
63 117 45
63 117 96
63 57 45
63 57 117
63 57 96
63 45 117
63 45 57
63 45 96
63 96 117
63 96 57
63 96 45
63 146 55
63 146 53
63 146 79
63 55 53
63 55 146
63 55 79
63 53 146
63 53 55
63 53 79
63 79 146
63 79 55
63 79 53
63 122 66
63 122 63
63 122 92
63 66 63
63 66 122
63 66 92
63 63 122
63 63 66
63 63 92
63 92 122
63 92 66
63 92 63
