51 77 344
51 77 334
51 77 335
51 344 334
51 344 77
51 344 335
51 334 77
51 334 344
51 334 335
51 335 77
51 335 344
51 335 334
51 66 329
51 66 392
51 66 352
51 329 392
51 329 66
51 329 352
51 392 66
51 392 329
51 392 352
51 352 66
51 352 329
51 352 392
51 68 377
51 68 395
51 68 368
51 377 395
51 377 68
51 377 368
51 395 68
51 395 377
51 395 368
51 368 68
51 368 377
51 368 395
51 95 323
51 95 321
51 95 309
51 323 321
51 323 95
51 323 309
51 321 95
51 321 323
51 321 309
51 309 95
51 309 323
51 309 321
51 69 233
51 69 219
51 69 194
51 233 219
51 233 69
51 233 194
51 219 69
51 219 233
51 219 194
51 194 69
51 194 233
51 194 219
