58 51 63
58 51 77
58 51 70
58 63 77
58 63 51
58 63 70
58 77 51
58 77 63
58 77 70
58 70 51
58 70 63
58 70 77
58 63 88
58 63 62
58 63 80
58 88 62
58 88 63
58 88 80
58 62 63
58 62 88
58 62 80
58 80 63
58 80 88
58 80 62
58 72 59
58 72 47
58 72 71
58 59 47
58 59 72
58 59 71
58 47 72
58 47 59
58 47 71
58 71 72
58 71 59
58 71 47
58 65 52
58 65 57
58 65 51
58 52 57
58 52 65
58 52 51
58 57 65
58 57 52
58 57 51
58 51 65
58 51 52
58 51 57
58 61 41
58 61 39
58 61 42
58 41 39
58 41 61
58 41 42
58 39 61
58 39 41
58 39 42
58 42 61
58 42 41
58 42 39
