139 9 9
139 9 17
139 9 15
139 9 17
139 9 9
139 9 15
139 17 9
139 17 9
139 17 15
139 15 9
139 15 9
139 15 17
139 19 27
139 19 39
139 19 26
139 27 39
139 27 19
139 27 26
139 39 19
139 39 27
139 39 26
139 26 19
139 26 27
139 26 39
139 6 11
139 6 6
139 6 13
139 11 6
139 11 6
139 11 13
139 6 6
139 6 11
139 6 13
139 13 6
139 13 11
139 13 6
139 0 16
139 0 6
139 0 4
139 16 6
139 16 0
139 16 4
139 6 0
139 6 16
139 6 4
139 4 0
139 4 16
139 4 6
139 0 1
139 0 2
139 0 4
139 1 2
139 1 0
139 1 4
139 2 0
139 2 1
139 2 4
139 4 0
139 4 1
139 4 2
