129 118 154
129 118 105
129 118 113
129 154 105
129 154 118
129 154 113
129 105 118
129 105 154
129 105 113
129 113 118
129 113 154
129 113 105
129 139 134
129 139 142
129 139 143
129 134 142
129 134 139
129 134 143
129 142 139
129 142 134
129 142 143
129 143 139
129 143 134
129 143 142
129 77 113
129 77 107
129 77 133
129 113 107
129 113 77
129 113 133
129 107 77
129 107 113
129 107 133
129 133 77
129 133 113
129 133 107
129 86 68
129 86 110
129 86 106
129 68 110
129 68 86
129 68 106
129 110 86
129 110 68
129 110 106
129 106 86
129 106 68
129 106 110
129 91 104
129 91 81
129 91 94
129 104 81
129 104 91
129 104 94
129 81 91
129 81 104
129 81 94
129 94 91
129 94 104
129 94 81
