134 123 99
134 123 97
134 123 89
134 99 97
134 99 123
134 99 89
134 97 123
134 97 99
134 97 89
134 89 123
134 89 99
134 89 97
134 137 89
134 137 97
134 137 126
134 89 97
134 89 137
134 89 126
134 97 137
134 97 89
134 97 126
134 126 137
134 126 89
134 126 97
134 83 75
134 83 38
134 83 58
134 75 38
134 75 83
134 75 58
134 38 83
134 38 75
134 38 58
134 58 83
134 58 75
134 58 38
134 151 48
134 151 109
134 151 102
134 48 109
134 48 151
134 48 102
134 109 151
134 109 48
134 109 102
134 102 151
134 102 48
134 102 109
134 74 76
134 74 57
134 74 93
134 76 57
134 76 74
134 76 93
134 57 74
134 57 76
134 57 93
134 93 74
134 93 76
134 93 57
