51 69 229
51 69 289
51 69 247
51 229 289
51 229 69
51 229 247
51 289 69
51 289 229
51 289 247
51 247 69
51 247 229
51 247 289
51 57 328
51 57 332
51 57 302
51 328 332
51 328 57
51 328 302
51 332 57
51 332 328
51 332 302
51 302 57
51 302 328
51 302 332
51 58 281
51 58 290
51 58 275
51 281 290
51 281 58
51 281 275
51 290 58
51 290 281
51 290 275
51 275 58
51 275 281
51 275 290
51 77 253
51 77 284
51 77 239
51 253 284
51 253 77
51 253 239
51 284 77
51 284 253
51 284 239
51 239 77
51 239 253
51 239 284
51 52 140
51 52 163
51 52 180
51 140 163
51 140 52
51 140 180
51 163 52
51 163 140
51 163 180
51 180 52
51 180 140
51 180 163
