41 54 126
41 54 127
41 54 110
41 126 127
41 126 54
41 126 110
41 127 54
41 127 126
41 127 110
41 110 54
41 110 126
41 110 127
41 84 94
41 84 108
41 84 111
41 94 108
41 94 84
41 94 111
41 108 84
41 108 94
41 108 111
41 111 84
41 111 94
41 111 108
41 64 142
41 64 171
41 64 189
41 142 171
41 142 64
41 142 189
41 171 64
41 171 142
41 171 189
41 189 64
41 189 142
41 189 171
41 90 233
41 90 265
41 90 241
41 233 265
41 233 90
41 233 241
41 265 90
41 265 233
41 265 241
41 241 90
41 241 233
41 241 265
41 102 435
41 102 398
41 102 384
41 435 398
41 435 102
41 435 384
41 398 102
41 398 435
41 398 384
41 384 102
41 384 435
41 384 398
