61 92 216
61 92 240
61 92 200
61 216 240
61 216 92
61 216 200
61 240 92
61 240 216
61 240 200
61 200 92
61 200 216
61 200 240
61 84 259
61 84 239
61 84 262
61 259 239
61 259 84
61 259 262
61 239 84
61 239 259
61 239 262
61 262 84
61 262 259
61 262 239
61 122 175
61 122 153
61 122 169
61 175 153
61 175 122
61 175 169
61 153 122
61 153 175
61 153 169
61 169 122
61 169 175
61 169 153
61 131 146
61 131 182
61 131 168
61 146 182
61 146 131
61 146 168
61 182 131
61 182 146
61 182 168
61 168 131
61 168 146
61 168 182
61 102 128
61 102 135
61 102 127
61 128 135
61 128 102
61 128 127
61 135 102
61 135 128
61 135 127
61 127 102
61 127 128
61 127 135
