122 142 115
122 142 109
122 142 121
122 115 109
122 115 142
122 115 121
122 109 142
122 109 115
122 109 121
122 121 142
122 121 115
122 121 109
122 127 112
122 127 121
122 127 117
122 112 121
122 112 127
122 112 117
122 121 127
122 121 112
122 121 117
122 117 127
122 117 112
122 117 121
122 88 117
122 88 106
122 88 120
122 117 106
122 117 88
122 117 120
122 106 88
122 106 117
122 106 120
122 120 88
122 120 117
122 120 106
122 68 121
122 68 121
122 68 142
122 121 121
122 121 68
122 121 142
122 121 68
122 121 121
122 121 142
122 142 68
122 142 121
122 142 121
122 103 113
122 103 109
122 103 131
122 113 109
122 113 103
122 113 131
122 109 103
122 109 113
122 109 131
122 131 103
122 131 113
122 131 109
