130 45 43
130 45 71
130 45 55
130 43 71
130 43 45
130 43 55
130 71 45
130 71 43
130 71 55
130 55 45
130 55 43
130 55 71
130 35 61
130 35 48
130 35 53
130 61 48
130 61 35
130 61 53
130 48 35
130 48 61
130 48 53
130 53 35
130 53 61
130 53 48
130 35 50
130 35 43
130 35 53
130 50 43
130 50 35
130 50 53
130 43 35
130 43 50
130 43 53
130 53 35
130 53 50
130 53 43
130 46 41
130 46 53
130 46 55
130 41 53
130 41 46
130 41 55
130 53 46
130 53 41
130 53 55
130 55 46
130 55 41
130 55 53
130 33 33
130 33 34
130 33 36
130 33 34
130 33 33
130 33 36
130 34 33
130 34 33
130 34 36
130 36 33
130 36 33
130 36 34
