58 40 71
58 40 87
58 40 80
58 71 87
58 71 40
58 71 80
58 87 40
58 87 71
58 87 80
58 80 40
58 80 71
58 80 87
58 24 78
58 24 73
58 24 69
58 78 73
58 78 24
58 78 69
58 73 24
58 73 78
58 73 69
58 69 24
58 69 78
58 69 73
58 32 74
58 32 71
58 32 75
58 74 71
58 74 32
58 74 75
58 71 32
58 71 74
58 71 75
58 75 32
58 75 74
58 75 71
58 38 32
58 38 45
58 38 42
58 32 45
58 32 38
58 32 42
58 45 38
58 45 32
58 45 42
58 42 38
58 42 32
58 42 45
58 30 79
58 30 62
58 30 63
58 79 62
58 79 30
58 79 63
58 62 30
58 62 79
58 62 63
58 63 30
58 63 79
58 63 62
