54 52 151
54 52 158
54 52 168
54 151 158
54 151 52
54 151 168
54 158 52
54 158 151
54 158 168
54 168 52
54 168 151
54 168 158
54 67 201
54 67 181
54 67 191
54 201 181
54 201 67
54 201 191
54 181 67
54 181 201
54 181 191
54 191 67
54 191 201
54 191 181
54 57 115
54 57 108
54 57 128
54 115 108
54 115 57
54 115 128
54 108 57
54 108 115
54 108 128
54 128 57
54 128 115
54 128 108
54 59 133
54 59 134
54 59 135
54 133 134
54 133 59
54 133 135
54 134 59
54 134 133
54 134 135
54 135 59
54 135 133
54 135 134
54 47 91
54 47 103
54 47 111
54 91 103
54 91 47
54 91 111
54 103 47
54 103 91
54 103 111
54 111 47
54 111 91
54 111 103
