92 429 165
92 429 167
92 429 188
92 165 167
92 165 429
92 165 188
92 167 429
92 167 165
92 167 188
92 188 429
92 188 165
92 188 167
92 555 156
92 555 160
92 555 240
92 156 160
92 156 555
92 156 240
92 160 555
92 160 156
92 160 240
92 240 555
92 240 156
92 240 160
92 388 189
92 388 193
92 388 233
92 189 193
92 189 388
92 189 233
92 193 388
92 193 189
92 193 233
92 233 388
92 233 189
92 233 193
92 440 186
92 440 206
92 440 269
92 186 206
92 186 440
92 186 269
92 206 440
92 206 186
92 206 269
92 269 440
92 269 186
92 269 206
92 384 150
92 384 184
92 384 229
92 150 184
92 150 384
92 150 229
92 184 384
92 184 150
92 184 229
92 229 384
92 229 150
92 229 184
