80 143 85
80 143 100
80 143 100
80 85 100
80 85 143
80 85 100
80 100 143
80 100 85
80 100 100
80 100 143
80 100 85
80 100 100
80 156 85
80 156 83
80 156 129
80 85 83
80 85 156
80 85 129
80 83 156
80 83 85
80 83 129
80 129 156
80 129 85
80 129 83
80 157 98
80 157 95
80 157 108
80 98 95
80 98 157
80 98 108
80 95 157
80 95 98
80 95 108
80 108 157
80 108 98
80 108 95
80 148 74
80 148 90
80 148 115
80 74 90
80 74 148
80 74 115
80 90 148
80 90 74
80 90 115
80 115 148
80 115 74
80 115 90
80 143 86
80 143 79
80 143 99
80 86 79
80 86 143
80 86 99
80 79 143
80 79 86
80 79 99
80 99 143
80 99 86
80 99 79
