79 30 79
79 30 90
79 30 89
79 79 90
79 79 30
79 79 89
79 90 30
79 90 79
79 90 89
79 89 30
79 89 79
79 89 90
79 49 83
79 49 84
79 49 77
79 83 84
79 83 49
79 83 77
79 84 49
79 84 83
79 84 77
79 77 49
79 77 83
79 77 84
79 40 96
79 40 97
79 40 65
79 96 97
79 96 40
79 96 65
79 97 40
79 97 96
79 97 65
79 65 40
79 65 96
79 65 97
79 56 87
79 56 71
79 56 66
79 87 71
79 87 56
79 87 66
79 71 56
79 71 87
79 71 66
79 66 56
79 66 87
79 66 71
79 53 96
79 53 81
79 53 82
79 96 81
79 96 53
79 96 82
79 81 53
79 81 96
79 81 82
79 82 53
79 82 96
79 82 81
