43 31 40
43 31 20
43 31 14
43 40 20
43 40 31
43 40 14
43 20 31
43 20 40
43 20 14
43 14 31
43 14 40
43 14 20
43 56 29
43 56 28
43 56 30
43 29 28
43 29 56
43 29 30
43 28 56
43 28 29
43 28 30
43 30 56
43 30 29
43 30 28
43 20 42
43 20 34
43 20 28
43 42 34
43 42 20
43 42 28
43 34 20
43 34 42
43 34 28
43 28 20
43 28 42
43 28 34
43 27 31
43 27 46
43 27 46
43 31 46
43 31 27
43 31 46
43 46 27
43 46 31
43 46 46
43 46 27
43 46 31
43 46 46
43 21 57
43 21 57
43 21 90
43 57 57
43 57 21
43 57 90
43 57 21
43 57 57
43 57 90
43 90 21
43 90 57
43 90 57
