71 25 51
71 25 79
71 25 76
71 51 79
71 51 25
71 51 76
71 79 25
71 79 51
71 79 76
71 76 25
71 76 51
71 76 79
71 27 72
71 27 71
71 27 82
71 72 71
71 72 27
71 72 82
71 71 27
71 71 72
71 71 82
71 82 27
71 82 72
71 82 71
71 23 93
71 23 81
71 23 100
71 93 81
71 93 23
71 93 100
71 81 23
71 81 93
71 81 100
71 100 23
71 100 93
71 100 81
71 22 68
71 22 71
71 22 56
71 68 71
71 68 22
71 68 56
71 71 22
71 71 68
71 71 56
71 56 22
71 56 68
71 56 71
71 34 78
71 34 67
71 34 77
71 78 67
71 78 34
71 78 77
71 67 34
71 67 78
71 67 77
71 77 34
71 77 78
71 77 67
