111 118 283
111 118 233
111 118 243
111 283 233
111 283 118
111 283 243
111 233 118
111 233 283
111 233 243
111 243 118
111 243 283
111 243 233
111 95 155
111 95 179
111 95 147
111 155 179
111 155 95
111 155 147
111 179 95
111 179 155
111 179 147
111 147 95
111 147 155
111 147 179
111 87 157
111 87 179
111 87 163
111 157 179
111 157 87
111 157 163
111 179 87
111 179 157
111 179 163
111 163 87
111 163 157
111 163 179
111 134 189
111 134 186
111 134 204
111 189 186
111 189 134
111 189 204
111 186 134
111 186 189
111 186 204
111 204 134
111 204 189
111 204 186
111 91 126
111 91 166
111 91 163
111 126 166
111 126 91
111 126 163
111 166 91
111 166 126
111 166 163
111 163 91
111 163 126
111 163 166
