103 136 137
103 136 123
103 136 145
103 137 123
103 137 136
103 137 145
103 123 136
103 123 137
103 123 145
103 145 136
103 145 137
103 145 123
103 154 93
103 154 92
103 154 138
103 93 92
103 93 154
103 93 138
103 92 154
103 92 93
103 92 138
103 138 154
103 138 93
103 138 92
103 144 141
103 144 138
103 144 185
103 141 138
103 141 144
103 141 185
103 138 144
103 138 141
103 138 185
103 185 144
103 185 141
103 185 138
103 172 157
103 172 166
103 172 173
103 157 166
103 157 172
103 157 173
103 166 172
103 166 157
103 166 173
103 173 172
103 173 157
103 173 166
103 172 157
103 172 144
103 172 159
103 157 144
103 157 172
103 157 159
103 144 172
103 144 157
103 144 159
103 159 172
103 159 157
103 159 144
