64 128 149
64 128 129
64 128 139
64 149 129
64 149 128
64 149 139
64 129 128
64 129 149
64 129 139
64 139 128
64 139 149
64 139 129
64 105 148
64 105 125
64 105 127
64 148 125
64 148 105
64 148 127
64 125 105
64 125 148
64 125 127
64 127 105
64 127 148
64 127 125
64 120 142
64 120 164
64 120 170
64 142 164
64 142 120
64 142 170
64 164 120
64 164 142
64 164 170
64 170 120
64 170 142
64 170 164
64 150 112
64 150 114
64 150 150
64 112 114
64 112 150
64 112 150
64 114 150
64 114 112
64 114 150
64 150 150
64 150 112
64 150 114
64 162 119
64 162 91
64 162 124
64 119 91
64 119 162
64 119 124
64 91 162
64 91 119
64 91 124
64 124 162
64 124 119
64 124 91
