102 491 270
102 491 291
102 491 212
102 270 291
102 270 491
102 270 212
102 291 491
102 291 270
102 291 212
102 212 491
102 212 270
102 212 291
102 569 220
102 569 225
102 569 256
102 220 225
102 220 569
102 220 256
102 225 569
102 225 220
102 225 256
102 256 569
102 256 220
102 256 225
102 578 212
102 578 212
102 578 285
102 212 212
102 212 578
102 212 285
102 212 578
102 212 212
102 212 285
102 285 578
102 285 212
102 285 212
102 565 278
102 565 283
102 565 260
102 278 283
102 278 565
102 278 260
102 283 565
102 283 278
102 283 260
102 260 565
102 260 278
102 260 283
102 491 266
102 491 310
102 491 371
102 266 310
102 266 491
102 266 371
102 310 491
102 310 266
102 310 371
102 371 491
102 371 266
102 371 310
