129 42 25
129 42 24
129 42 29
129 25 24
129 25 42
129 25 29
129 24 42
129 24 25
129 24 29
129 29 42
129 29 25
129 29 24
129 34 22
129 34 30
129 34 45
129 22 30
129 22 34
129 22 45
129 30 34
129 30 22
129 30 45
129 45 34
129 45 22
129 45 30
129 28 23
129 28 27
129 28 24
129 23 27
129 23 28
129 23 24
129 27 28
129 27 23
129 27 24
129 24 28
129 24 23
129 24 27
129 28 27
129 28 13
129 28 31
129 27 13
129 27 28
129 27 31
129 13 28
129 13 27
129 13 31
129 31 28
129 31 27
129 31 13
129 23 13
129 23 13
129 23 23
129 13 13
129 13 23
129 13 23
129 13 23
129 13 13
129 13 23
129 23 23
129 23 13
129 23 13
