85 143 84
85 143 87
85 143 133
85 84 87
85 84 143
85 84 133
85 87 143
85 87 84
85 87 133
85 133 143
85 133 84
85 133 87
85 147 84
85 147 128
85 147 93
85 84 128
85 84 147
85 84 93
85 128 147
85 128 84
85 128 93
85 93 147
85 93 84
85 93 128
85 154 97
85 154 79
85 154 124
85 97 79
85 97 154
85 97 124
85 79 154
85 79 97
85 79 124
85 124 154
85 124 97
85 124 79
85 187 81
85 187 103
85 187 95
85 81 103
85 81 187
85 81 95
85 103 187
85 103 81
85 103 95
85 95 187
85 95 81
85 95 103
85 164 96
85 164 95
85 164 96
85 96 95
85 96 164
85 96 96
85 95 164
85 95 96
85 95 96
85 96 164
85 96 96
85 96 95
