123 145 99
123 145 104
123 145 77
123 99 104
123 99 145
123 99 77
123 104 145
123 104 99
123 104 77
123 77 145
123 77 99
123 77 104
123 137 91
123 137 97
123 137 118
123 91 97
123 91 137
123 91 118
123 97 137
123 97 91
123 97 118
123 118 137
123 118 91
123 118 97
123 137 81
123 137 92
123 137 149
123 81 92
123 81 137
123 81 149
123 92 137
123 92 81
123 92 149
123 149 137
123 149 81
123 149 92
123 138 91
123 138 82
123 138 63
123 91 82
123 91 138
123 91 63
123 82 138
123 82 91
123 82 63
123 63 138
123 63 91
123 63 82
123 146 96
123 146 113
123 146 118
123 96 113
123 96 146
123 96 118
123 113 146
123 113 96
123 113 118
123 118 146
123 118 96
123 118 113
