128 43 38
128 43 43
128 43 49
128 38 43
128 38 43
128 38 49
128 43 43
128 43 38
128 43 49
128 49 43
128 49 38
128 49 43
128 33 35
128 33 57
128 33 47
128 35 57
128 35 33
128 35 47
128 57 33
128 57 35
128 57 47
128 47 33
128 47 35
128 47 57
128 40 28
128 40 35
128 40 43
128 28 35
128 28 40
128 28 43
128 35 40
128 35 28
128 35 43
128 43 40
128 43 28
128 43 35
128 26 24
128 26 30
128 26 37
128 24 30
128 24 26
128 24 37
128 30 26
128 30 24
128 30 37
128 37 26
128 37 24
128 37 30
128 19 36
128 19 20
128 19 36
128 36 20
128 36 19
128 36 36
128 20 19
128 20 36
128 20 36
128 36 19
128 36 36
128 36 20
