107 68 45
107 68 31
107 68 54
107 45 31
107 45 68
107 45 54
107 31 68
107 31 45
107 31 54
107 54 68
107 54 45
107 54 31
107 66 64
107 66 48
107 66 37
107 64 48
107 64 66
107 64 37
107 48 66
107 48 64
107 48 37
107 37 66
107 37 64
107 37 48
107 48 35
107 48 35
107 48 45
107 35 35
107 35 48
107 35 45
107 35 48
107 35 35
107 35 45
107 45 48
107 45 35
107 45 35
107 73 52
107 73 35
107 73 33
107 52 35
107 52 73
107 52 33
107 35 73
107 35 52
107 35 33
107 33 73
107 33 52
107 33 35
107 40 35
107 40 42
107 40 30
107 35 42
107 35 40
107 35 30
107 42 40
107 42 35
107 42 30
107 30 40
107 30 35
107 30 42
