134 103 80
134 103 46
134 103 45
134 80 46
134 80 103
134 80 45
134 46 103
134 46 80
134 46 45
134 45 103
134 45 80
134 45 46
134 135 82
134 135 102
134 135 110
134 82 102
134 82 135
134 82 110
134 102 135
134 102 82
134 102 110
134 110 135
134 110 82
134 110 102
134 90 37
134 90 51
134 90 62
134 37 51
134 37 90
134 37 62
134 51 90
134 51 37
134 51 62
134 62 90
134 62 37
134 62 51
134 62 51
134 62 49
134 62 48
134 51 49
134 51 62
134 51 48
134 49 62
134 49 51
134 49 48
134 48 62
134 48 51
134 48 49
134 49 35
134 49 30
134 49 34
134 35 30
134 35 49
134 35 34
134 30 49
134 30 35
134 30 34
134 34 49
134 34 35
134 34 30
