79 376 160
79 376 193
79 376 251
79 160 193
79 160 376
79 160 251
79 193 376
79 193 160
79 193 251
79 251 376
79 251 160
79 251 193
79 450 178
79 450 186
79 450 276
79 178 186
79 178 450
79 178 276
79 186 450
79 186 178
79 186 276
79 276 450
79 276 178
79 276 186
79 509 198
79 509 215
79 509 190
79 198 215
79 198 509
79 198 190
79 215 509
79 215 198
79 215 190
79 190 509
79 190 198
79 190 215
79 333 253
79 333 213
79 333 247
79 253 213
79 253 333
79 253 247
79 213 333
79 213 253
79 213 247
79 247 333
79 247 253
79 247 213
79 504 176
79 504 184
79 504 258
79 176 184
79 176 504
79 176 258
79 184 504
79 184 176
79 184 258
79 258 504
79 258 176
79 258 184
