62 120 76
62 120 64
62 120 95
62 76 64
62 76 120
62 76 95
62 64 120
62 64 76
62 64 95
62 95 120
62 95 76
62 95 64
62 127 49
62 127 61
62 127 62
62 49 61
62 49 127
62 49 62
62 61 127
62 61 49
62 61 62
62 62 127
62 62 49
62 62 61
62 118 61
62 118 76
62 118 95
62 61 76
62 61 118
62 61 95
62 76 118
62 76 61
62 76 95
62 95 118
62 95 61
62 95 76
62 123 66
62 123 101
62 123 83
62 66 101
62 66 123
62 66 83
62 101 123
62 101 66
62 101 83
62 83 123
62 83 66
62 83 101
62 130 75
62 130 51
62 130 84
62 75 51
62 75 130
62 75 84
62 51 130
62 51 75
62 51 84
62 84 130
62 84 75
62 84 51
