77 82 77
77 82 77
77 82 94
77 77 77
77 77 82
77 77 94
77 77 82
77 77 77
77 77 94
77 94 82
77 94 77
77 94 77
77 77 67
77 77 71
77 77 104
77 67 71
77 67 77
77 67 104
77 71 77
77 71 67
77 71 104
77 104 77
77 104 67
77 104 71
77 98 75
77 98 68
77 98 81
77 75 68
77 75 98
77 75 81
77 68 98
77 68 75
77 68 81
77 81 98
77 81 75
77 81 68
77 111 74
77 111 73
77 111 85
77 74 73
77 74 111
77 74 85
77 73 111
77 73 74
77 73 85
77 85 111
77 85 74
77 85 73
77 71 89
77 71 76
77 71 116
77 89 76
77 89 71
77 89 116
77 76 71
77 76 89
77 76 116
77 116 71
77 116 89
77 116 76
