62 16 22
62 16 29
62 16 34
62 22 29
62 22 16
62 22 34
62 29 16
62 29 22
62 29 34
62 34 16
62 34 22
62 34 29
62 24 22
62 24 31
62 24 51
62 22 31
62 22 24
62 22 51
62 31 24
62 31 22
62 31 51
62 51 24
62 51 22
62 51 31
62 24 29
62 24 36
62 24 33
62 29 36
62 29 24
62 29 33
62 36 24
62 36 29
62 36 33
62 33 24
62 33 29
62 33 36
62 38 41
62 38 25
62 38 24
62 41 25
62 41 38
62 41 24
62 25 38
62 25 41
62 25 24
62 24 38
62 24 41
62 24 25
62 12 29
62 12 18
62 12 24
62 29 18
62 29 12
62 29 24
62 18 12
62 18 29
62 18 24
62 24 12
62 24 29
62 24 18
