43 76 192
43 76 178
43 76 163
43 192 178
43 192 76
43 192 163
43 178 76
43 178 192
43 178 163
43 163 76
43 163 192
43 163 178
43 65 142
43 65 137
43 65 90
43 142 137
43 142 65
43 142 90
43 137 65
43 137 142
43 137 90
43 90 65
43 90 142
43 90 137
43 98 200
43 98 218
43 98 243
43 200 218
43 200 98
43 200 243
43 218 98
43 218 200
43 218 243
43 243 98
43 243 200
43 243 218
43 85 302
43 85 325
43 85 293
43 302 325
43 302 85
43 302 293
43 325 85
43 325 302
43 325 293
43 293 85
43 293 302
43 293 325
43 121 396
43 121 330
43 121 297
43 396 330
43 396 121
43 396 297
43 330 121
43 330 396
43 330 297
43 297 121
43 297 396
43 297 330
