42 0 1
42 0 3
42 0 5
42 1 3
42 1 0
42 1 5
42 3 0
42 3 1
42 3 5
42 5 0
42 5 1
42 5 3
42 62 31
42 62 47
42 62 28
42 31 47
42 31 62
42 31 28
42 47 62
42 47 31
42 47 28
42 28 62
42 28 31
42 28 47
42 101 106
42 101 91
42 101 68
42 106 91
42 106 101
42 106 68
42 91 101
42 91 106
42 91 68
42 68 101
42 68 106
42 68 91
42 93 105
42 93 100
42 93 91
42 105 100
42 105 93
42 105 91
42 100 93
42 100 105
42 100 91
42 91 93
42 91 105
42 91 100
42 57 103
42 57 81
42 57 62
42 103 81
42 103 57
42 103 62
42 81 57
42 81 103
42 81 62
42 62 57
42 62 103
42 62 81
