109 536 378
109 536 401
109 536 655
109 378 401
109 378 536
109 378 655
109 401 536
109 401 378
109 401 655
109 655 536
109 655 378
109 655 401
109 350 406
109 350 342
109 350 300
109 406 342
109 406 350
109 406 300
109 342 350
109 342 406
109 342 300
109 300 350
109 300 406
109 300 342
109 363 685
109 363 548
109 363 407
109 685 548
109 685 363
109 685 407
109 548 363
109 548 685
109 548 407
109 407 363
109 407 685
109 407 548
109 317 545
109 317 639
109 317 456
109 545 639
109 545 317
109 545 456
109 639 317
109 639 545
109 639 456
109 456 317
109 456 545
109 456 639
109 510 439
109 510 467
109 510 655
109 439 467
109 439 510
109 439 655
109 467 510
109 467 439
109 467 655
109 655 510
109 655 439
109 655 467
