130 54 68
130 54 78
130 54 90
130 68 78
130 68 54
130 68 90
130 78 54
130 78 68
130 78 90
130 90 54
130 90 68
130 90 78
130 59 62
130 59 65
130 59 69
130 62 65
130 62 59
130 62 69
130 65 59
130 65 62
130 65 69
130 69 59
130 69 62
130 69 65
130 68 72
130 68 87
130 68 97
130 72 87
130 72 68
130 72 97
130 87 68
130 87 72
130 87 97
130 97 68
130 97 72
130 97 87
130 60 84
130 60 77
130 60 63
130 84 77
130 84 60
130 84 63
130 77 60
130 77 84
130 77 63
130 63 60
130 63 84
130 63 77
130 43 87
130 43 59
130 43 64
130 87 59
130 87 43
130 87 64
130 59 43
130 59 87
130 59 64
130 64 43
130 64 87
130 64 59
