41 17 94
41 17 89
41 17 91
41 94 89
41 94 17
41 94 91
41 89 17
41 89 94
41 89 91
41 91 17
41 91 94
41 91 89
41 25 62
41 25 52
41 25 57
41 62 52
41 62 25
41 62 57
41 52 25
41 52 62
41 52 57
41 57 25
41 57 62
41 57 52
41 42 112
41 42 98
41 42 93
41 112 98
41 112 42
41 112 93
41 98 42
41 98 112
41 98 93
41 93 42
41 93 112
41 93 98
41 30 151
41 30 142
41 30 146
41 151 142
41 151 30
41 151 146
41 142 30
41 142 151
41 142 146
41 146 30
41 146 151
41 146 142
41 52 196
41 52 191
41 52 185
41 196 191
41 196 52
41 196 185
41 191 52
41 191 196
41 191 185
41 185 52
41 185 196
41 185 191
