125 155 162
125 155 165
125 155 159
125 162 165
125 162 155
125 162 159
125 165 155
125 165 162
125 165 159
125 159 155
125 159 162
125 159 165
125 185 197
125 185 171
125 185 196
125 197 171
125 197 185
125 197 196
125 171 185
125 171 197
125 171 196
125 196 185
125 196 197
125 196 171
125 197 163
125 197 178
125 197 177
125 163 178
125 163 197
125 163 177
125 178 197
125 178 163
125 178 177
125 177 197
125 177 163
125 177 178
125 147 163
125 147 177
125 147 182
125 163 177
125 163 147
125 163 182
125 177 147
125 177 163
125 177 182
125 182 147
125 182 163
125 182 177
125 200 177
125 200 149
125 200 220
125 177 149
125 177 200
125 177 220
125 149 200
125 149 177
125 149 220
125 220 200
125 220 177
125 220 149
