59 78 76
59 78 65
59 78 63
59 76 65
59 76 78
59 76 63
59 65 78
59 65 76
59 65 63
59 63 78
59 63 76
59 63 65
59 118 28
59 118 47
59 118 40
59 28 47
59 28 118
59 28 40
59 47 118
59 47 28
59 47 40
59 40 118
59 40 28
59 40 47
59 78 43
59 78 49
59 78 66
59 43 49
59 43 78
59 43 66
59 49 78
59 49 43
59 49 66
59 66 78
59 66 43
59 66 49
59 145 67
59 145 39
59 145 47
59 67 39
59 67 145
59 67 47
59 39 145
59 39 67
59 39 47
59 47 145
59 47 67
59 47 39
59 102 63
59 102 71
59 102 75
59 63 71
59 63 102
59 63 75
59 71 102
59 71 63
59 71 75
59 75 102
59 75 63
59 75 71
