94 144 90
94 144 71
94 144 119
94 90 71
94 90 144
94 90 119
94 71 144
94 71 90
94 71 119
94 119 144
94 119 90
94 119 71
94 141 117
94 141 105
94 141 82
94 117 105
94 117 141
94 117 82
94 105 141
94 105 117
94 105 82
94 82 141
94 82 117
94 82 105
94 171 93
94 171 98
94 171 121
94 93 98
94 93 171
94 93 121
94 98 171
94 98 93
94 98 121
94 121 171
94 121 93
94 121 98
94 145 105
94 145 79
94 145 103
94 105 79
94 105 145
94 105 103
94 79 145
94 79 105
94 79 103
94 103 145
94 103 105
94 103 79
94 153 88
94 153 95
94 153 109
94 88 95
94 88 153
94 88 109
94 95 153
94 95 88
94 95 109
94 109 153
94 109 88
94 109 95
