116 95 106
116 95 107
116 95 129
116 106 107
116 106 95
116 106 129
116 107 95
116 107 106
116 107 129
116 129 95
116 129 106
116 129 107
116 70 102
116 70 95
116 70 100
116 102 95
116 102 70
116 102 100
116 95 70
116 95 102
116 95 100
116 100 70
116 100 102
116 100 95
116 68 107
116 68 93
116 68 90
116 107 93
116 107 68
116 107 90
116 93 68
116 93 107
116 93 90
116 90 68
116 90 107
116 90 93
116 75 88
116 75 117
116 75 97
116 88 117
116 88 75
116 88 97
116 117 75
116 117 88
116 117 97
116 97 75
116 97 88
116 97 117
116 70 81
116 70 92
116 70 101
116 81 92
116 81 70
116 81 101
116 92 70
116 92 81
116 92 101
116 101 70
116 101 81
116 101 92
