58 55 51
58 55 42
58 55 55
58 51 42
58 51 55
58 51 55
58 42 55
58 42 51
58 42 55
58 55 55
58 55 51
58 55 42
58 46 44
58 46 41
58 46 54
58 44 41
58 44 46
58 44 54
58 41 46
58 41 44
58 41 54
58 54 46
58 54 44
58 54 41
58 49 25
58 49 35
58 49 50
58 25 35
58 25 49
58 25 50
58 35 49
58 35 25
58 35 50
58 50 49
58 50 25
58 50 35
58 43 44
58 43 42
58 43 62
58 44 42
58 44 43
58 44 62
58 42 43
58 42 44
58 42 62
58 62 43
58 62 44
58 62 42
58 34 38
58 34 29
58 34 38
58 38 29
58 38 34
58 38 38
58 29 34
58 29 38
58 29 38
58 38 34
58 38 38
58 38 29
