123 44 51
123 44 53
123 44 69
123 51 53
123 51 44
123 51 69
123 53 44
123 53 51
123 53 69
123 69 44
123 69 51
123 69 53
123 25 48
123 25 52
123 25 44
123 48 52
123 48 25
123 48 44
123 52 25
123 52 48
123 52 44
123 44 25
123 44 48
123 44 52
123 55 65
123 55 50
123 55 53
123 65 50
123 65 55
123 65 53
123 50 55
123 50 65
123 50 53
123 53 55
123 53 65
123 53 50
123 41 62
123 41 82
123 41 36
123 62 82
123 62 41
123 62 36
123 82 41
123 82 62
123 82 36
123 36 41
123 36 62
123 36 82
123 43 40
123 43 45
123 43 83
123 40 45
123 40 43
123 40 83
123 45 43
123 45 40
123 45 83
123 83 43
123 83 40
123 83 45
