123 52 204
123 52 245
123 52 208
123 204 245
123 204 52
123 204 208
123 245 52
123 245 204
123 245 208
123 208 52
123 208 204
123 208 245
123 107 262
123 107 222
123 107 245
123 262 222
123 262 107
123 262 245
123 222 107
123 222 262
123 222 245
123 245 107
123 245 262
123 245 222
123 74 195
123 74 227
123 74 177
123 195 227
123 195 74
123 195 177
123 227 74
123 227 195
123 227 177
123 177 74
123 177 195
123 177 227
123 60 227
123 60 197
123 60 200
123 227 197
123 227 60
123 227 200
123 197 60
123 197 227
123 197 200
123 200 60
123 200 227
123 200 197
123 54 193
123 54 160
123 54 165
123 193 160
123 193 54
123 193 165
123 160 54
123 160 193
123 160 165
123 165 54
123 165 193
123 165 160
