110 44 84
110 44 64
110 44 94
110 84 64
110 84 44
110 84 94
110 64 44
110 64 84
110 64 94
110 94 44
110 94 84
110 94 64
110 51 96
110 51 111
110 51 98
110 96 111
110 96 51
110 96 98
110 111 51
110 111 96
110 111 98
110 98 51
110 98 96
110 98 111
110 54 64
110 54 83
110 54 87
110 64 83
110 64 54
110 64 87
110 83 54
110 83 64
110 83 87
110 87 54
110 87 64
110 87 83
110 38 68
110 38 63
110 38 53
110 68 63
110 68 38
110 68 53
110 63 38
110 63 68
110 63 53
110 53 38
110 53 68
110 53 63
110 31 51
110 31 53
110 31 40
110 51 53
110 51 31
110 51 40
110 53 31
110 53 51
110 53 40
110 40 31
110 40 51
110 40 53
