72 34 22
72 34 11
72 34 27
72 22 11
72 22 34
72 22 27
72 11 34
72 11 22
72 11 27
72 27 34
72 27 22
72 27 11
72 28 17
72 28 28
72 28 32
72 17 28
72 17 28
72 17 32
72 28 28
72 28 17
72 28 32
72 32 28
72 32 17
72 32 28
72 36 24
72 36 23
72 36 27
72 24 23
72 24 36
72 24 27
72 23 36
72 23 24
72 23 27
72 27 36
72 27 24
72 27 23
72 29 25
72 29 31
72 29 20
72 25 31
72 25 29
72 25 20
72 31 29
72 31 25
72 31 20
72 20 29
72 20 25
72 20 31
72 26 18
72 26 13
72 26 19
72 18 13
72 18 26
72 18 19
72 13 26
72 13 18
72 13 19
72 19 26
72 19 18
72 19 13
