82 35 12
82 35 30
82 35 40
82 12 30
82 12 35
82 12 40
82 30 35
82 30 12
82 30 40
82 40 35
82 40 12
82 40 30
82 19 24
82 19 30
82 19 13
82 24 30
82 24 19
82 24 13
82 30 19
82 30 24
82 30 13
82 13 19
82 13 24
82 13 30
82 35 44
82 35 37
82 35 19
82 44 37
82 44 35
82 44 19
82 37 35
82 37 44
82 37 19
82 19 35
82 19 44
82 19 37
82 34 19
82 34 16
82 34 7
82 19 16
82 19 34
82 19 7
82 16 34
82 16 19
82 16 7
82 7 34
82 7 19
82 7 16
82 35 20
82 35 14
82 35 41
82 20 14
82 20 35
82 20 41
82 14 35
82 14 20
82 14 41
82 41 35
82 41 20
82 41 14
