85 33 22
85 33 26
85 33 23
85 22 26
85 22 33
85 22 23
85 26 33
85 26 22
85 26 23
85 23 33
85 23 22
85 23 26
85 56 22
85 56 16
85 56 31
85 22 16
85 22 56
85 22 31
85 16 56
85 16 22
85 16 31
85 31 56
85 31 22
85 31 16
85 58 19
85 58 18
85 58 25
85 19 18
85 19 58
85 19 25
85 18 58
85 18 19
85 18 25
85 25 58
85 25 19
85 25 18
85 32 25
85 32 17
85 32 9
85 25 17
85 25 32
85 25 9
85 17 32
85 17 25
85 17 9
85 9 32
85 9 25
85 9 17
85 40 25
85 40 13
85 40 24
85 25 13
85 25 40
85 25 24
85 13 40
85 13 25
85 13 24
85 24 40
85 24 25
85 24 13
