60 19 42
60 19 43
60 19 76
60 42 43
60 42 19
60 42 76
60 43 19
60 43 42
60 43 76
60 76 19
60 76 42
60 76 43
60 36 98
60 36 90
60 36 55
60 98 90
60 98 36
60 98 55
60 90 36
60 90 98
60 90 55
60 55 36
60 55 98
60 55 90
60 35 47
60 35 45
60 35 27
60 47 45
60 47 35
60 47 27
60 45 35
60 45 47
60 45 27
60 27 35
60 27 47
60 27 45
60 27 57
60 27 58
60 27 64
60 57 58
60 57 27
60 57 64
60 58 27
60 58 57
60 58 64
60 64 27
60 64 57
60 64 58
60 29 23
60 29 28
60 29 43
60 23 28
60 23 29
60 23 43
60 28 29
60 28 23
60 28 43
60 43 29
60 43 23
60 43 28
