105 104 114
105 104 99
105 104 102
105 114 99
105 114 104
105 114 102
105 99 104
105 99 114
105 99 102
105 102 104
105 102 114
105 102 99
105 109 93
105 109 103
105 109 98
105 93 103
105 93 109
105 93 98
105 103 109
105 103 93
105 103 98
105 98 109
105 98 93
105 98 103
105 100 91
105 100 76
105 100 95
105 91 76
105 91 100
105 91 95
105 76 100
105 76 91
105 76 95
105 95 100
105 95 91
105 95 76
105 90 144
105 90 124
105 90 129
105 144 124
105 144 90
105 144 129
105 124 90
105 124 144
105 124 129
105 129 90
105 129 144
105 129 124
105 93 122
105 93 119
105 93 129
105 122 119
105 122 93
105 122 129
105 119 93
105 119 122
105 119 129
105 129 93
105 129 122
105 129 119
