108 1648 839
108 1648 804
108 1648 1001
108 839 804
108 839 1648
108 839 1001
108 804 1648
108 804 839
108 804 1001
108 1001 1648
108 1001 839
108 1001 804
108 1683 885
108 1683 875
108 1683 1108
108 885 875
108 885 1683
108 885 1108
108 875 1683
108 875 885
108 875 1108
108 1108 1683
108 1108 885
108 1108 875
108 1575 796
108 1575 704
108 1575 873
108 796 704
108 796 1575
108 796 873
108 704 1575
108 704 796
108 704 873
108 873 1575
108 873 796
108 873 704
108 1433 713
108 1433 698
108 1433 802
108 713 698
108 713 1433
108 713 802
108 698 1433
108 698 713
108 698 802
108 802 1433
108 802 713
108 802 698
108 1245 585
108 1245 612
108 1245 767
108 585 612
108 585 1245
108 585 767
108 612 1245
108 612 585
108 612 767
108 767 1245
108 767 585
108 767 612
