108 257 259
108 257 255
108 257 266
108 259 255
108 259 257
108 259 266
108 255 257
108 255 259
108 255 266
108 266 257
108 266 259
108 266 255
108 187 229
108 187 209
108 187 273
108 229 209
108 229 187
108 229 273
108 209 187
108 209 229
108 209 273
108 273 187
108 273 229
108 273 209
108 177 209
108 177 255
108 177 288
108 209 255
108 209 177
108 209 288
108 255 177
108 255 209
108 255 288
108 288 177
108 288 209
108 288 255
108 253 303
108 253 265
108 253 270
108 303 265
108 303 253
108 303 270
108 265 253
108 265 303
108 265 270
108 270 253
108 270 303
108 270 265
108 208 266
108 208 270
108 208 251
108 266 270
108 266 208
108 266 251
108 270 208
108 270 266
108 270 251
108 251 208
108 251 266
108 251 270
