43 20 135
43 20 130
43 20 91
43 135 130
43 135 20
43 135 91
43 130 20
43 130 135
43 130 91
43 91 20
43 91 135
43 91 130
43 27 91
43 27 82
43 27 66
43 91 82
43 91 27
43 91 66
43 82 27
43 82 91
43 82 66
43 66 27
43 66 91
43 66 82
43 51 118
43 51 154
43 51 127
43 118 154
43 118 51
43 118 127
43 154 51
43 154 118
43 154 127
43 127 51
43 127 118
43 127 154
43 72 283
43 72 221
43 72 280
43 283 221
43 283 72
43 283 280
43 221 72
43 221 283
43 221 280
43 280 72
43 280 283
43 280 221
43 64 281
43 64 343
43 64 322
43 281 343
43 281 64
43 281 322
43 343 64
43 343 281
43 343 322
43 322 64
43 322 281
43 322 343
