97 99 64
97 99 70
97 99 55
97 64 70
97 64 99
97 64 55
97 70 99
97 70 64
97 70 55
97 55 99
97 55 64
97 55 70
97 130 47
97 130 49
97 130 59
97 47 49
97 47 130
97 47 59
97 49 130
97 49 47
97 49 59
97 59 130
97 59 47
97 59 49
97 135 72
97 135 82
97 135 66
97 72 82
97 72 135
97 72 66
97 82 135
97 82 72
97 82 66
97 66 135
97 66 72
97 66 82
97 133 87
97 133 64
97 133 98
97 87 64
97 87 133
97 87 98
97 64 133
97 64 87
97 64 98
97 98 133
97 98 87
97 98 64
97 146 100
97 146 92
97 146 78
97 100 92
97 100 146
97 100 78
97 92 146
97 92 100
97 92 78
97 78 146
97 78 100
97 78 92
