98 93 77
98 93 74
98 93 71
98 77 74
98 77 93
98 77 71
98 74 93
98 74 77
98 74 71
98 71 93
98 71 77
98 71 74
98 106 83
98 106 77
98 106 80
98 83 77
98 83 106
98 83 80
98 77 106
98 77 83
98 77 80
98 80 106
98 80 83
98 80 77
98 98 76
98 98 72
98 98 65
98 76 72
98 76 98
98 76 65
98 72 98
98 72 76
98 72 65
98 65 98
98 65 76
98 65 72
98 90 74
98 90 96
98 90 84
98 74 96
98 74 90
98 74 84
98 96 90
98 96 74
98 96 84
98 84 90
98 84 74
98 84 96
98 86 84
98 86 61
98 86 97
98 84 61
98 84 86
98 84 97
98 61 86
98 61 84
98 61 97
98 97 86
98 97 84
98 97 61
