108 106 144
108 106 103
108 106 167
108 144 103
108 144 106
108 144 167
108 103 106
108 103 144
108 103 167
108 167 106
108 167 144
108 167 103
108 118 101
108 118 103
108 118 114
108 101 103
108 101 118
108 101 114
108 103 118
108 103 101
108 103 114
108 114 118
108 114 101
108 114 103
108 53 179
108 53 205
108 53 154
108 179 205
108 179 53
108 179 154
108 205 53
108 205 179
108 205 154
108 154 53
108 154 179
108 154 205
108 69 216
108 69 164
108 69 192
108 216 164
108 216 69
108 216 192
108 164 69
108 164 216
108 164 192
108 192 69
108 192 216
108 192 164
108 92 216
108 92 165
108 92 175
108 216 165
108 216 92
108 216 175
108 165 92
108 165 216
108 165 175
108 175 92
108 175 216
108 175 165
