120 92 91
120 92 119
120 92 138
120 91 119
120 91 92
120 91 138
120 119 92
120 119 91
120 119 138
120 138 92
120 138 91
120 138 119
120 150 94
120 150 63
120 150 92
120 94 63
120 94 150
120 94 92
120 63 150
120 63 94
120 63 92
120 92 150
120 92 94
120 92 63
120 97 119
120 97 94
120 97 87
120 119 94
120 119 97
120 119 87
120 94 97
120 94 119
120 94 87
120 87 97
120 87 119
120 87 94
120 117 110
120 117 121
120 117 72
120 110 121
120 110 117
120 110 72
120 121 117
120 121 110
120 121 72
120 72 117
120 72 110
120 72 121
120 140 62
120 140 72
120 140 67
120 62 72
120 62 140
120 62 67
120 72 140
120 72 62
120 72 67
120 67 140
120 67 62
120 67 72
