87 57 67
87 57 75
87 57 77
87 67 75
87 67 57
87 67 77
87 75 57
87 75 67
87 75 77
87 77 57
87 77 67
87 77 75
87 46 81
87 46 78
87 46 74
87 81 78
87 81 46
87 81 74
87 78 46
87 78 81
87 78 74
87 74 46
87 74 81
87 74 78
87 47 79
87 47 90
87 47 73
87 79 90
87 79 47
87 79 73
87 90 47
87 90 79
87 90 73
87 73 47
87 73 79
87 73 90
87 40 76
87 40 60
87 40 89
87 76 60
87 76 40
87 76 89
87 60 40
87 60 76
87 60 89
87 89 40
87 89 76
87 89 60
87 42 93
87 42 80
87 42 71
87 93 80
87 93 42
87 93 71
87 80 42
87 80 93
87 80 71
87 71 42
87 71 93
87 71 80
