111 101 173
111 101 135
111 101 159
111 173 135
111 173 101
111 173 159
111 135 101
111 135 173
111 135 159
111 159 101
111 159 173
111 159 135
111 114 175
111 114 169
111 114 172
111 175 169
111 175 114
111 175 172
111 169 114
111 169 175
111 169 172
111 172 114
111 172 175
111 172 169
111 112 150
111 112 160
111 112 152
111 150 160
111 150 112
111 150 152
111 160 112
111 160 150
111 160 152
111 152 112
111 152 150
111 152 160
111 63 146
111 63 113
111 63 118
111 146 113
111 146 63
111 146 118
111 113 63
111 113 146
111 113 118
111 118 63
111 118 146
111 118 113
111 78 91
111 78 77
111 78 80
111 91 77
111 91 78
111 91 80
111 77 78
111 77 91
111 77 80
111 80 78
111 80 91
111 80 77
