91 186 57
91 186 58
91 186 104
91 57 58
91 57 186
91 57 104
91 58 186
91 58 57
91 58 104
91 104 186
91 104 57
91 104 58
91 81 47
91 81 46
91 81 70
91 47 46
91 47 81
91 47 70
91 46 81
91 46 47
91 46 70
91 70 81
91 70 47
91 70 46
91 214 82
91 214 54
91 214 79
91 82 54
91 82 214
91 82 79
91 54 214
91 54 82
91 54 79
91 79 214
91 79 82
91 79 54
91 87 110
91 87 86
91 87 91
91 110 86
91 110 87
91 110 91
91 86 87
91 86 110
91 86 91
91 91 87
91 91 110
91 91 86
91 181 72
91 181 73
91 181 110
91 72 73
91 72 181
91 72 110
91 73 181
91 73 72
91 73 110
91 110 181
91 110 72
91 110 73
