113 125 308
113 125 310
113 125 297
113 308 310
113 308 125
113 308 297
113 310 125
113 310 308
113 310 297
113 297 125
113 297 308
113 297 310
113 166 218
113 166 315
113 166 223
113 218 315
113 218 166
113 218 223
113 315 166
113 315 218
113 315 223
113 223 166
113 223 218
113 223 315
113 141 329
113 141 244
113 141 292
113 329 244
113 329 141
113 329 292
113 244 141
113 244 329
113 244 292
113 292 141
113 292 329
113 292 244
113 119 185
113 119 232
113 119 171
113 185 232
113 185 119
113 185 171
113 232 119
113 232 185
113 232 171
113 171 119
113 171 185
113 171 232
113 151 172
113 151 165
113 151 164
113 172 165
113 172 151
113 172 164
113 165 151
113 165 172
113 165 164
113 164 151
113 164 172
113 164 165
