61 127 49
61 127 61
61 127 62
61 49 61
61 49 127
61 49 62
61 61 127
61 61 49
61 61 62
61 62 127
61 62 49
61 62 61
61 97 100
61 97 87
61 97 99
61 100 87
61 100 97
61 100 99
61 87 97
61 87 100
61 87 99
61 99 97
61 99 100
61 99 87
61 120 76
61 120 64
61 120 95
61 76 64
61 76 120
61 76 95
61 64 120
61 64 76
61 64 95
61 95 120
61 95 76
61 95 64
61 118 61
61 118 76
61 118 95
61 61 76
61 61 118
61 61 95
61 76 118
61 76 61
61 76 95
61 95 118
61 95 61
61 95 76
61 123 66
61 123 101
61 123 83
61 66 101
61 66 123
61 66 83
61 101 123
61 101 66
61 101 83
61 83 123
61 83 66
61 83 101
