119 63 95
119 63 117
119 63 135
119 95 117
119 95 63
119 95 135
119 117 63
119 117 95
119 117 135
119 135 63
119 135 95
119 135 117
119 93 109
119 93 103
119 93 129
119 109 103
119 109 93
119 109 129
119 103 93
119 103 109
119 103 129
119 129 93
119 129 109
119 129 103
119 112 108
119 112 60
119 112 65
119 108 60
119 108 112
119 108 65
119 60 112
119 60 108
119 60 65
119 65 112
119 65 108
119 65 60
119 70 80
119 70 90
119 70 91
119 80 90
119 80 70
119 80 91
119 90 70
119 90 80
119 90 91
119 91 70
119 91 80
119 91 90
119 73 59
119 73 63
119 73 82
119 59 63
119 59 73
119 59 82
119 63 73
119 63 59
119 63 82
119 82 73
119 82 59
119 82 63
