119 206 317
119 206 283
119 206 369
119 317 283
119 317 206
119 317 369
119 283 206
119 283 317
119 283 369
119 369 206
119 369 317
119 369 283
119 269 341
119 269 373
119 269 359
119 341 373
119 341 269
119 341 359
119 373 269
119 373 341
119 373 359
119 359 269
119 359 341
119 359 373
119 244 351
119 244 276
119 244 328
119 351 276
119 351 244
119 351 328
119 276 244
119 276 351
119 276 328
119 328 244
119 328 351
119 328 276
119 226 268
119 226 347
119 226 305
119 268 347
119 268 226
119 268 305
119 347 226
119 347 268
119 347 305
119 305 226
119 305 268
119 305 347
119 266 290
119 266 316
119 266 289
119 290 316
119 290 266
119 290 289
119 316 266
119 316 290
119 316 289
119 289 266
119 289 290
119 289 316
