54 170 712
54 170 719
54 170 594
54 712 719
54 712 170
54 712 594
54 719 170
54 719 712
54 719 594
54 594 170
54 594 712
54 594 719
54 137 645
54 137 664
54 137 591
54 645 664
54 645 137
54 645 591
54 664 137
54 664 645
54 664 591
54 591 137
54 591 645
54 591 664
54 78 299
54 78 319
54 78 301
54 299 319
54 299 78
54 299 301
54 319 78
54 319 299
54 319 301
54 301 78
54 301 299
54 301 319
54 104 268
54 104 300
54 104 263
54 268 300
54 268 104
54 268 263
54 300 104
54 300 268
54 300 263
54 263 104
54 263 268
54 263 300
54 117 262
54 117 260
54 117 218
54 262 260
54 262 117
54 262 218
54 260 117
54 260 262
54 260 218
54 218 117
54 218 262
54 218 260
