127 27 16
127 27 28
127 27 26
127 16 28
127 16 27
127 16 26
127 28 27
127 28 16
127 28 26
127 26 27
127 26 16
127 26 28
127 26 19
127 26 44
127 26 30
127 19 44
127 19 26
127 19 30
127 44 26
127 44 19
127 44 30
127 30 26
127 30 19
127 30 44
127 19 42
127 19 32
127 19 18
127 42 32
127 42 19
127 42 18
127 32 19
127 32 42
127 32 18
127 18 19
127 18 42
127 18 32
127 26 22
127 26 21
127 26 31
127 22 21
127 22 26
127 22 31
127 21 26
127 21 22
127 21 31
127 31 26
127 31 22
127 31 21
127 23 15
127 23 16
127 23 24
127 15 16
127 15 23
127 15 24
127 16 23
127 16 15
127 16 24
127 24 23
127 24 15
127 24 16
