95 214 71
95 214 92
95 214 127
95 71 92
95 71 214
95 71 127
95 92 214
95 92 71
95 92 127
95 127 214
95 127 71
95 127 92
95 126 79
95 126 91
95 126 48
95 79 91
95 79 126
95 79 48
95 91 126
95 91 79
95 91 48
95 48 126
95 48 79
95 48 91
95 226 66
95 226 62
95 226 66
95 66 62
95 66 226
95 66 66
95 62 226
95 62 66
95 62 66
95 66 226
95 66 66
95 66 62
95 151 60
95 151 102
95 151 62
95 60 102
95 60 151
95 60 62
95 102 151
95 102 60
95 102 62
95 62 151
95 62 60
95 62 102
95 236 78
95 236 74
95 236 130
95 78 74
95 78 236
95 78 130
95 74 236
95 74 78
95 74 130
95 130 236
95 130 78
95 130 74
