139 98 77
139 98 86
139 98 72
139 77 86
139 77 98
139 77 72
139 86 98
139 86 77
139 86 72
139 72 98
139 72 77
139 72 86
139 204 110
139 204 119
139 204 126
139 110 119
139 110 204
139 110 126
139 119 204
139 119 110
139 119 126
139 126 204
139 126 110
139 126 119
139 119 55
139 119 58
139 119 86
139 55 58
139 55 119
139 55 86
139 58 119
139 58 55
139 58 86
139 86 119
139 86 55
139 86 58
139 47 40
139 47 0
139 47 34
139 40 0
139 40 47
139 40 34
139 0 47
139 0 40
139 0 34
139 34 47
139 34 40
139 34 0
139 30 0
139 30 0
139 30 20
139 0 0
139 0 30
139 0 20
139 0 30
139 0 0
139 0 20
139 20 30
139 20 0
139 20 0
