40 20 37
40 20 52
40 20 40
40 37 52
40 37 20
40 37 40
40 52 20
40 52 37
40 52 40
40 40 20
40 40 37
40 40 52
40 17 27
40 17 26
40 17 42
40 27 26
40 27 17
40 27 42
40 26 17
40 26 27
40 26 42
40 42 17
40 42 27
40 42 26
40 32 52
40 32 54
40 32 64
40 52 54
40 52 32
40 52 64
40 54 32
40 54 52
40 54 64
40 64 32
40 64 52
40 64 54
40 33 85
40 33 87
40 33 77
40 85 87
40 85 33
40 85 77
40 87 33
40 87 85
40 87 77
40 77 33
40 77 85
40 77 87
40 46 135
40 46 111
40 46 122
40 135 111
40 135 46
40 135 122
40 111 46
40 111 135
40 111 122
40 122 46
40 122 135
40 122 111
