133 37 35
133 37 32
133 37 31
133 35 32
133 35 37
133 35 31
133 32 37
133 32 35
133 32 31
133 31 37
133 31 35
133 31 32
133 25 48
133 25 37
133 25 45
133 48 37
133 48 25
133 48 45
133 37 25
133 37 48
133 37 45
133 45 25
133 45 48
133 45 37
133 49 35
133 49 34
133 49 43
133 35 34
133 35 49
133 35 43
133 34 49
133 34 35
133 34 43
133 43 49
133 43 35
133 43 34
133 31 28
133 31 41
133 31 44
133 28 41
133 28 31
133 28 44
133 41 31
133 41 28
133 41 44
133 44 31
133 44 28
133 44 41
133 54 36
133 54 28
133 54 45
133 36 28
133 36 54
133 36 45
133 28 54
133 28 36
133 28 45
133 45 54
133 45 36
133 45 28
