129 221 274
129 221 210
129 221 272
129 274 210
129 274 221
129 274 272
129 210 221
129 210 274
129 210 272
129 272 221
129 272 274
129 272 210
129 223 218
129 223 286
129 223 172
129 218 286
129 218 223
129 218 172
129 286 223
129 286 218
129 286 172
129 172 223
129 172 218
129 172 286
129 245 245
129 245 233
129 245 319
129 245 233
129 245 245
129 245 319
129 233 245
129 233 245
129 233 319
129 319 245
129 319 245
129 319 233
129 240 234
129 240 215
129 240 211
129 234 215
129 234 240
129 234 211
129 215 240
129 215 234
129 215 211
129 211 240
129 211 234
129 211 215
129 191 195
129 191 176
129 191 222
129 195 176
129 195 191
129 195 222
129 176 191
129 176 195
129 176 222
129 222 191
129 222 195
129 222 176
