110 125 311
110 125 326
110 125 381
110 311 326
110 311 125
110 311 381
110 326 125
110 326 311
110 326 381
110 381 125
110 381 311
110 381 326
110 162 354
110 162 378
110 162 358
110 354 378
110 354 162
110 354 358
110 378 162
110 378 354
110 378 358
110 358 162
110 358 354
110 358 378
110 135 444
110 135 358
110 135 438
110 444 358
110 444 135
110 444 438
110 358 135
110 358 444
110 358 438
110 438 135
110 438 444
110 438 358
110 146 320
110 146 321
110 146 317
110 320 321
110 320 146
110 320 317
110 321 146
110 321 320
110 321 317
110 317 146
110 317 320
110 317 321
110 130 290
110 130 271
110 130 301
110 290 271
110 290 130
110 290 301
110 271 130
110 271 290
110 271 301
110 301 130
110 301 290
110 301 271
