64 47 66
64 47 57
64 47 78
64 66 57
64 66 47
64 66 78
64 57 47
64 57 66
64 57 78
64 78 47
64 78 66
64 78 57
64 21 76
64 21 78
64 21 102
64 76 78
64 76 21
64 76 102
64 78 21
64 78 76
64 78 102
64 102 21
64 102 76
64 102 78
64 33 68
64 33 80
64 33 69
64 68 80
64 68 33
64 68 69
64 80 33
64 80 68
64 80 69
64 69 33
64 69 68
64 69 80
64 44 70
64 44 70
64 44 81
64 70 70
64 70 44
64 70 81
64 70 44
64 70 70
64 70 81
64 81 44
64 81 70
64 81 70
64 27 72
64 27 66
64 27 69
64 72 66
64 72 27
64 72 69
64 66 27
64 66 72
64 66 69
64 69 27
64 69 72
64 69 66
