118 181 117
118 181 110
118 181 134
118 117 110
118 117 181
118 117 134
118 110 181
118 110 117
118 110 134
118 134 181
118 134 117
118 134 110
118 122 148
118 122 149
118 122 150
118 148 149
118 148 122
118 148 150
118 149 122
118 149 148
118 149 150
118 150 122
118 150 148
118 150 149
118 143 109
118 143 108
118 143 102
118 109 108
118 109 143
118 109 102
118 108 143
118 108 109
118 108 102
118 102 143
118 102 109
118 102 108
118 125 77
118 125 94
118 125 129
118 77 94
118 77 125
118 77 129
118 94 125
118 94 77
118 94 129
118 129 125
118 129 77
118 129 94
118 140 95
118 140 120
118 140 192
118 95 120
118 95 140
118 95 192
118 120 140
118 120 95
118 120 192
118 192 140
118 192 95
118 192 120
