96 166 104
96 166 93
96 166 94
96 104 93
96 104 166
96 104 94
96 93 166
96 93 104
96 93 94
96 94 166
96 94 104
96 94 93
96 103 92
96 103 100
96 103 124
96 92 100
96 92 103
96 92 124
96 100 103
96 100 92
96 100 124
96 124 103
96 124 92
96 124 100
96 124 108
96 124 79
96 124 146
96 108 79
96 108 124
96 108 146
96 79 124
96 79 108
96 79 146
96 146 124
96 146 108
96 146 79
96 196 101
96 196 105
96 196 117
96 101 105
96 101 196
96 101 117
96 105 196
96 105 101
96 105 117
96 117 196
96 117 101
96 117 105
96 140 116
96 140 114
96 140 117
96 116 114
96 116 140
96 116 117
96 114 140
96 114 116
96 114 117
96 117 140
96 117 116
96 117 114
