109 59 128
109 59 133
109 59 142
109 128 133
109 128 59
109 128 142
109 133 59
109 133 128
109 133 142
109 142 59
109 142 128
109 142 133
109 75 281
109 75 224
109 75 185
109 281 224
109 281 75
109 281 185
109 224 75
109 224 281
109 224 185
109 185 75
109 185 281
109 185 224
109 49 109
109 49 151
109 49 80
109 109 151
109 109 49
109 109 80
109 151 49
109 151 109
109 151 80
109 80 49
109 80 109
109 80 151
109 51 93
109 51 93
109 51 79
109 93 93
109 93 51
109 93 79
109 93 51
109 93 93
109 93 79
109 79 51
109 79 93
109 79 93
109 41 58
109 41 67
109 41 87
109 58 67
109 58 41
109 58 87
109 67 41
109 67 58
109 67 87
109 87 41
109 87 58
109 87 67
