85 54 26
85 54 29
85 54 32
85 26 29
85 26 54
85 26 32
85 29 54
85 29 26
85 29 32
85 32 54
85 32 26
85 32 29
85 72 24
85 72 35
85 72 31
85 24 35
85 24 72
85 24 31
85 35 72
85 35 24
85 35 31
85 31 72
85 31 24
85 31 35
85 38 31
85 38 20
85 38 40
85 31 20
85 31 38
85 31 40
85 20 38
85 20 31
85 20 40
85 40 38
85 40 31
85 40 20
85 43 21
85 43 17
85 43 15
85 21 17
85 21 43
85 21 15
85 17 43
85 17 21
85 17 15
85 15 43
85 15 21
85 15 17
85 63 16
85 63 18
85 63 29
85 16 18
85 16 63
85 16 29
85 18 63
85 18 16
85 18 29
85 29 63
85 29 16
85 29 18
