52 93 213
52 93 219
52 93 258
52 213 219
52 213 93
52 213 258
52 219 93
52 219 213
52 219 258
52 258 93
52 258 213
52 258 219
52 114 245
52 114 251
52 114 248
52 245 251
52 245 114
52 245 248
52 251 114
52 251 245
52 251 248
52 248 114
52 248 245
52 248 251
52 117 173
52 117 158
52 117 167
52 173 158
52 173 117
52 173 167
52 158 117
52 158 173
52 158 167
52 167 117
52 167 173
52 167 158
52 104 114
52 104 146
52 104 177
52 114 146
52 114 104
52 114 177
52 146 104
52 146 114
52 146 177
52 177 104
52 177 114
52 177 146
52 85 99
52 85 116
52 85 150
52 99 116
52 99 85
52 99 150
52 116 85
52 116 99
52 116 150
52 150 85
52 150 99
52 150 116
