101 230 79
101 230 103
101 230 128
101 79 103
101 79 230
101 79 128
101 103 230
101 103 79
101 103 128
101 128 230
101 128 79
101 128 103
101 229 97
101 229 95
101 229 96
101 97 95
101 97 229
101 97 96
101 95 229
101 95 97
101 95 96
101 96 229
101 96 97
101 96 95
101 247 91
101 247 95
101 247 105
101 91 95
101 91 247
101 91 105
101 95 247
101 95 91
101 95 105
101 105 247
101 105 91
101 105 95
101 252 106
101 252 118
101 252 109
101 106 118
101 106 252
101 106 109
101 118 252
101 118 106
101 118 109
101 109 252
101 109 106
101 109 118
101 219 125
101 219 92
101 219 104
101 125 92
101 125 219
101 125 104
101 92 219
101 92 125
101 92 104
101 104 219
101 104 125
101 104 92
