47 167 294
47 167 201
47 167 260
47 294 201
47 294 167
47 294 260
47 201 167
47 201 294
47 201 260
47 260 167
47 260 294
47 260 201
47 132 152
47 132 228
47 132 167
47 152 228
47 152 132
47 152 167
47 228 132
47 228 152
47 228 167
47 167 132
47 167 152
47 167 228
47 168 206
47 168 206
47 168 212
47 206 206
47 206 168
47 206 212
47 206 168
47 206 206
47 206 212
47 212 168
47 212 206
47 212 206
47 150 189
47 150 239
47 150 200
47 189 239
47 189 150
47 189 200
47 239 150
47 239 189
47 239 200
47 200 150
47 200 189
47 200 239
47 140 405
47 140 363
47 140 330
47 405 363
47 405 140
47 405 330
47 363 140
47 363 405
47 363 330
47 330 140
47 330 405
47 330 363
