78 96 59
78 96 56
78 96 70
78 59 56
78 59 96
78 59 70
78 56 96
78 56 59
78 56 70
78 70 96
78 70 59
78 70 56
78 97 58
78 97 62
78 97 71
78 58 62
78 58 97
78 58 71
78 62 97
78 62 58
78 62 71
78 71 97
78 71 58
78 71 62
78 94 64
78 94 48
78 94 72
78 64 48
78 64 94
78 64 72
78 48 94
78 48 64
78 48 72
78 72 94
78 72 64
78 72 48
78 94 49
78 94 46
78 94 58
78 49 46
78 49 94
78 49 58
78 46 94
78 46 49
78 46 58
78 58 94
78 58 49
78 58 46
78 84 70
78 84 53
78 84 63
78 70 53
78 70 84
78 70 63
78 53 84
78 53 70
78 53 63
78 63 84
78 63 70
78 63 53
