100 233 203
100 233 218
100 233 221
100 203 218
100 203 233
100 203 221
100 218 233
100 218 203
100 218 221
100 221 233
100 221 203
100 221 218
100 251 203
100 251 213
100 251 170
100 203 213
100 203 251
100 203 170
100 213 251
100 213 203
100 213 170
100 170 251
100 170 203
100 170 213
100 256 204
100 256 236
100 256 240
100 204 236
100 204 256
100 204 240
100 236 256
100 236 204
100 236 240
100 240 256
100 240 204
100 240 236
100 345 240
100 345 187
100 345 228
100 240 187
100 240 345
100 240 228
100 187 345
100 187 240
100 187 228
100 228 345
100 228 240
100 228 187
100 227 223
100 227 201
100 227 235
100 223 201
100 223 227
100 223 235
100 201 227
100 201 223
100 201 235
100 235 227
100 235 223
100 235 201
