79 75 61
79 75 40
79 75 62
79 61 40
79 61 75
79 61 62
79 40 75
79 40 61
79 40 62
79 62 75
79 62 61
79 62 40
79 77 41
79 77 32
79 77 44
79 41 32
79 41 77
79 41 44
79 32 77
79 32 41
79 32 44
79 44 77
79 44 41
79 44 32
79 67 40
79 67 48
79 67 57
79 40 48
79 40 67
79 40 57
79 48 67
79 48 40
79 48 57
79 57 67
79 57 40
79 57 48
79 74 41
79 74 42
79 74 51
79 41 42
79 41 74
79 41 51
79 42 74
79 42 41
79 42 51
79 51 74
79 51 41
79 51 42
79 75 41
79 75 35
79 75 50
79 41 35
79 41 75
79 41 50
79 35 75
79 35 41
79 35 50
79 50 75
79 50 41
79 50 35
