125 15 29
125 15 30
125 15 47
125 29 30
125 29 15
125 29 47
125 30 15
125 30 29
125 30 47
125 47 15
125 47 29
125 47 30
125 13 12
125 13 29
125 13 27
125 12 29
125 12 13
125 12 27
125 29 13
125 29 12
125 29 27
125 27 13
125 27 12
125 27 29
125 14 29
125 14 21
125 14 20
125 29 21
125 29 14
125 29 20
125 21 14
125 21 29
125 21 20
125 20 14
125 20 29
125 20 21
125 7 20
125 7 18
125 7 22
125 20 18
125 20 7
125 20 22
125 18 7
125 18 20
125 18 22
125 22 7
125 22 20
125 22 18
125 7 18
125 7 11
125 7 25
125 18 11
125 18 7
125 18 25
125 11 7
125 11 18
125 11 25
125 25 7
125 25 18
125 25 11
