83 143 78
83 143 70
83 143 99
83 78 70
83 78 143
83 78 99
83 70 143
83 70 78
83 70 99
83 99 143
83 99 78
83 99 70
83 150 67
83 150 75
83 150 91
83 67 75
83 67 150
83 67 91
83 75 150
83 75 67
83 75 91
83 91 150
83 91 67
83 91 75
83 151 62
83 151 57
83 151 109
83 62 57
83 62 151
83 62 109
83 57 151
83 57 62
83 57 109
83 109 151
83 109 62
83 109 57
83 123 67
83 123 63
83 123 96
83 67 63
83 67 123
83 67 96
83 63 123
83 63 67
83 63 96
83 96 123
83 96 67
83 96 63
83 121 63
83 121 58
83 121 90
83 63 58
83 63 121
83 63 90
83 58 121
83 58 63
83 58 90
83 90 121
83 90 63
83 90 58
