48 18 45
48 18 43
48 18 74
48 45 43
48 45 18
48 45 74
48 43 18
48 43 45
48 43 74
48 74 18
48 74 45
48 74 43
48 12 73
48 12 77
48 12 50
48 73 77
48 73 12
48 73 50
48 77 12
48 77 73
48 77 50
48 50 12
48 50 73
48 50 77
48 34 71
48 34 81
48 34 70
48 71 81
48 71 34
48 71 70
48 81 34
48 81 71
48 81 70
48 70 34
48 70 71
48 70 81
48 50 131
48 50 104
48 50 137
48 131 104
48 131 50
48 131 137
48 104 50
48 104 131
48 104 137
48 137 50
48 137 131
48 137 104
48 41 167
48 41 185
48 41 179
48 167 185
48 167 41
48 167 179
48 185 41
48 185 167
48 185 179
48 179 41
48 179 167
48 179 185
