63 1288 543
63 1288 654
63 1288 817
63 543 654
63 543 1288
63 543 817
63 654 1288
63 654 543
63 654 817
63 817 1288
63 817 543
63 817 654
63 1182 530
63 1182 627
63 1182 681
63 530 627
63 530 1182
63 530 681
63 627 1182
63 627 530
63 627 681
63 681 1182
63 681 530
63 681 627
63 1087 458
63 1087 486
63 1087 785
63 458 486
63 458 1087
63 458 785
63 486 1087
63 486 458
63 486 785
63 785 1087
63 785 458
63 785 486
63 1441 663
63 1441 514
63 1441 723
63 663 514
63 663 1441
63 663 723
63 514 1441
63 514 663
63 514 723
63 723 1441
63 723 663
63 723 514
63 1477 466
63 1477 455
63 1477 786
63 466 455
63 466 1477
63 466 786
63 455 1477
63 455 466
63 455 786
63 786 1477
63 786 466
63 786 455
