92 106 77
92 106 66
92 106 91
92 77 66
92 77 106
92 77 91
92 66 106
92 66 77
92 66 91
92 91 106
92 91 77
92 91 66
92 145 68
92 145 72
92 145 65
92 68 72
92 68 145
92 68 65
92 72 145
92 72 68
92 72 65
92 65 145
92 65 68
92 65 72
92 108 82
92 108 84
92 108 86
92 82 84
92 82 108
92 82 86
92 84 108
92 84 82
92 84 86
92 86 108
92 86 82
92 86 84
92 118 85
92 118 84
92 118 84
92 85 84
92 85 118
92 85 84
92 84 118
92 84 85
92 84 84
92 84 118
92 84 85
92 84 84
92 113 84
92 113 86
92 113 97
92 84 86
92 84 113
92 84 97
92 86 113
92 86 84
92 86 97
92 97 113
92 97 84
92 97 86
