71 169 64
71 169 54
71 169 91
71 64 54
71 64 169
71 64 91
71 54 169
71 54 64
71 54 91
71 91 169
71 91 64
71 91 54
71 143 45
71 143 44
71 143 68
71 45 44
71 45 143
71 45 68
71 44 143
71 44 45
71 44 68
71 68 143
71 68 45
71 68 44
71 178 72
71 178 57
71 178 91
71 72 57
71 72 178
71 72 91
71 57 178
71 57 72
71 57 91
71 91 178
71 91 72
71 91 57
71 172 63
71 172 52
71 172 78
71 63 52
71 63 172
71 63 78
71 52 172
71 52 63
71 52 78
71 78 172
71 78 63
71 78 52
71 190 84
71 190 73
71 190 74
71 84 73
71 84 190
71 84 74
71 73 190
71 73 84
71 73 74
71 74 190
71 74 84
71 74 73
