102 106 83
102 106 95
102 106 92
102 83 95
102 83 106
102 83 92
102 95 106
102 95 83
102 95 92
102 92 106
102 92 83
102 92 95
102 119 92
102 119 71
102 119 70
102 92 71
102 92 119
102 92 70
102 71 119
102 71 92
102 71 70
102 70 119
102 70 92
102 70 71
102 94 160
102 94 109
102 94 114
102 160 109
102 160 94
102 160 114
102 109 94
102 109 160
102 109 114
102 114 94
102 114 160
102 114 109
102 98 231
102 98 186
102 98 193
102 231 186
102 231 98
102 231 193
102 186 98
102 186 231
102 186 193
102 193 98
102 193 231
102 193 186
102 121 180
102 121 179
102 121 152
102 180 179
102 180 121
102 180 152
102 179 121
102 179 180
102 179 152
102 152 121
102 152 180
102 152 179
