64 330 229
64 330 236
64 330 310
64 229 236
64 229 330
64 229 310
64 236 330
64 236 229
64 236 310
64 310 330
64 310 229
64 310 236
64 379 236
64 379 253
64 379 266
64 236 253
64 236 379
64 236 266
64 253 379
64 253 236
64 253 266
64 266 379
64 266 236
64 266 253
64 427 187
64 427 211
64 427 225
64 187 211
64 187 427
64 187 225
64 211 427
64 211 187
64 211 225
64 225 427
64 225 187
64 225 211
64 385 219
64 385 249
64 385 305
64 219 249
64 219 385
64 219 305
64 249 385
64 249 219
64 249 305
64 305 385
64 305 219
64 305 249
64 459 211
64 459 215
64 459 263
64 211 215
64 211 459
64 211 263
64 215 459
64 215 211
64 215 263
64 263 459
64 263 211
64 263 215
