91 201 116
91 201 63
91 201 79
91 116 63
91 116 201
91 116 79
91 63 201
91 63 116
91 63 79
91 79 201
91 79 116
91 79 63
91 174 88
91 174 74
91 174 84
91 88 74
91 88 174
91 88 84
91 74 174
91 74 88
91 74 84
91 84 174
91 84 88
91 84 74
91 187 83
91 187 76
91 187 90
91 83 76
91 83 187
91 83 90
91 76 187
91 76 83
91 76 90
91 90 187
91 90 83
91 90 76
91 183 92
91 183 90
91 183 93
91 92 90
91 92 183
91 92 93
91 90 183
91 90 92
91 90 93
91 93 183
91 93 92
91 93 90
91 180 78
91 180 73
91 180 97
91 78 73
91 78 180
91 78 97
91 73 180
91 73 78
91 73 97
91 97 180
91 97 78
91 97 73
