124 79 131
124 79 132
124 79 168
124 131 132
124 131 79
124 131 168
124 132 79
124 132 131
124 132 168
124 168 79
124 168 131
124 168 132
124 109 126
124 109 152
124 109 139
124 126 152
124 126 109
124 126 139
124 152 109
124 152 126
124 152 139
124 139 109
124 139 126
124 139 152
124 91 138
124 91 119
124 91 146
124 138 119
124 138 91
124 138 146
124 119 91
124 119 138
124 119 146
124 146 91
124 146 138
124 146 119
124 79 123
124 79 129
124 79 138
124 123 129
124 123 79
124 123 138
124 129 79
124 129 123
124 129 138
124 138 79
124 138 123
124 138 129
124 79 109
124 79 161
124 79 125
124 109 161
124 109 79
124 109 125
124 161 79
124 161 109
124 161 125
124 125 79
124 125 109
124 125 161
