44 22 18
44 22 39
44 22 21
44 18 39
44 18 22
44 18 21
44 39 22
44 39 18
44 39 21
44 21 22
44 21 18
44 21 39
44 12 27
44 12 24
44 12 22
44 27 24
44 27 12
44 27 22
44 24 12
44 24 27
44 24 22
44 22 12
44 22 27
44 22 24
44 30 36
44 30 22
44 30 27
44 36 22
44 36 30
44 36 27
44 22 30
44 22 36
44 22 27
44 27 30
44 27 36
44 27 22
44 13 30
44 13 33
44 13 46
44 30 33
44 30 13
44 30 46
44 33 13
44 33 30
44 33 46
44 46 13
44 46 30
44 46 33
44 23 63
44 23 33
44 23 42
44 63 33
44 63 23
44 63 42
44 33 23
44 33 63
44 33 42
44 42 23
44 42 63
44 42 33
