90 109 44
90 109 55
90 109 63
90 44 55
90 44 109
90 44 63
90 55 109
90 55 44
90 55 63
90 63 109
90 63 44
90 63 55
90 57 61
90 57 73
90 57 59
90 61 73
90 61 57
90 61 59
90 73 57
90 73 61
90 73 59
90 59 57
90 59 61
90 59 73
90 69 52
90 69 66
90 69 92
90 52 66
90 52 69
90 52 92
90 66 69
90 66 52
90 66 92
90 92 69
90 92 52
90 92 66
90 79 62
90 79 76
90 79 71
90 62 76
90 62 79
90 62 71
90 76 79
90 76 62
90 76 71
90 71 79
90 71 62
90 71 76
90 87 58
90 87 62
90 87 70
90 58 62
90 58 87
90 58 70
90 62 87
90 62 58
90 62 70
90 70 87
90 70 58
90 70 62
