103 154 124
103 154 163
103 154 129
103 124 163
103 124 154
103 124 129
103 163 154
103 163 124
103 163 129
103 129 154
103 129 124
103 129 163
103 122 123
103 122 117
103 122 125
103 123 117
103 123 122
103 123 125
103 117 122
103 117 123
103 117 125
103 125 122
103 125 123
103 125 117
103 156 173
103 156 158
103 156 214
103 173 158
103 173 156
103 173 214
103 158 156
103 158 173
103 158 214
103 214 156
103 214 173
103 214 158
103 125 223
103 125 264
103 125 244
103 223 264
103 223 125
103 223 244
103 264 125
103 264 223
103 264 244
103 244 125
103 244 223
103 244 264
103 169 303
103 169 212
103 169 231
103 303 212
103 303 169
103 303 231
103 212 169
103 212 303
103 212 231
103 231 169
103 231 303
103 231 212
