136 112 61
136 112 62
136 112 104
136 61 62
136 61 112
136 61 104
136 62 112
136 62 61
136 62 104
136 104 112
136 104 61
136 104 62
136 165 117
136 165 128
136 165 157
136 117 128
136 117 165
136 117 157
136 128 165
136 128 117
136 128 157
136 157 165
136 157 117
136 157 128
136 140 110
136 140 86
136 140 89
136 110 86
136 110 140
136 110 89
136 86 140
136 86 110
136 86 89
136 89 140
136 89 110
136 89 86
136 106 54
136 106 49
136 106 46
136 54 49
136 54 106
136 54 46
136 49 106
136 49 54
136 49 46
136 46 106
136 46 54
136 46 49
136 86 74
136 86 75
136 86 79
136 74 75
136 74 86
136 74 79
136 75 86
136 75 74
136 75 79
136 79 86
136 79 74
136 79 75
