110 208 415
110 208 352
110 208 412
110 415 352
110 415 208
110 415 412
110 352 208
110 352 415
110 352 412
110 412 208
110 412 415
110 412 352
110 162 379
110 162 348
110 162 262
110 379 348
110 379 162
110 379 262
110 348 162
110 348 379
110 348 262
110 262 162
110 262 379
110 262 348
110 181 368
110 181 352
110 181 349
110 368 352
110 368 181
110 368 349
110 352 181
110 352 368
110 352 349
110 349 181
110 349 368
110 349 352
110 148 304
110 148 316
110 148 303
110 304 316
110 304 148
110 304 303
110 316 148
110 316 304
110 316 303
110 303 148
110 303 304
110 303 316
110 177 262
110 177 288
110 177 271
110 262 288
110 262 177
110 262 271
110 288 177
110 288 262
110 288 271
110 271 177
110 271 262
110 271 288
