109 148 166
109 148 154
109 148 172
109 166 154
109 166 148
109 166 172
109 154 148
109 154 166
109 154 172
109 172 148
109 172 166
109 172 154
109 196 197
109 196 191
109 196 195
109 197 191
109 197 196
109 197 195
109 191 196
109 191 197
109 191 195
109 195 196
109 195 197
109 195 191
109 138 141
109 138 182
109 138 178
109 141 182
109 141 138
109 141 178
109 182 138
109 182 141
109 182 178
109 178 138
109 178 141
109 178 182
109 150 200
109 150 156
109 150 184
109 200 156
109 200 150
109 200 184
109 156 150
109 156 200
109 156 184
109 184 150
109 184 200
109 184 156
109 131 192
109 131 154
109 131 195
109 192 154
109 192 131
109 192 195
109 154 131
109 154 192
109 154 195
109 195 131
109 195 192
109 195 154
