85 115 51
85 115 55
85 115 82
85 51 55
85 51 115
85 51 82
85 55 115
85 55 51
85 55 82
85 82 115
85 82 51
85 82 55
85 127 69
85 127 61
85 127 70
85 69 61
85 69 127
85 69 70
85 61 127
85 61 69
85 61 70
85 70 127
85 70 69
85 70 61
85 158 45
85 158 74
85 158 56
85 45 74
85 45 158
85 45 56
85 74 158
85 74 45
85 74 56
85 56 158
85 56 45
85 56 74
85 143 65
85 143 52
85 143 73
85 65 52
85 65 143
85 65 73
85 52 143
85 52 65
85 52 73
85 73 143
85 73 65
85 73 52
85 127 66
85 127 74
85 127 67
85 66 74
85 66 127
85 66 67
85 74 127
85 74 66
85 74 67
85 67 127
85 67 66
85 67 74
