99 101 35
99 101 39
99 101 60
99 35 39
99 35 101
99 35 60
99 39 101
99 39 35
99 39 60
99 60 101
99 60 35
99 60 39
99 77 46
99 77 49
99 77 62
99 46 49
99 46 77
99 46 62
99 49 77
99 49 46
99 49 62
99 62 77
99 62 46
99 62 49
99 81 64
99 81 79
99 81 60
99 64 79
99 64 81
99 64 60
99 79 81
99 79 64
99 79 60
99 60 81
99 60 64
99 60 79
99 95 64
99 95 51
99 95 42
99 64 51
99 64 95
99 64 42
99 51 95
99 51 64
99 51 42
99 42 95
99 42 64
99 42 51
99 81 54
99 81 75
99 81 73
99 54 75
99 54 81
99 54 73
99 75 81
99 75 54
99 75 73
99 73 81
99 73 54
99 73 75
