84 165 122
84 165 107
84 165 156
84 122 107
84 122 165
84 122 156
84 107 165
84 107 122
84 107 156
84 156 165
84 156 122
84 156 107
84 150 117
84 150 118
84 150 135
84 117 118
84 117 150
84 117 135
84 118 150
84 118 117
84 118 135
84 135 150
84 135 117
84 135 118
84 176 106
84 176 127
84 176 149
84 106 127
84 106 176
84 106 149
84 127 176
84 127 106
84 127 149
84 149 176
84 149 106
84 149 127
84 190 124
84 190 115
84 190 139
84 124 115
84 124 190
84 124 139
84 115 190
84 115 124
84 115 139
84 139 190
84 139 124
84 139 115
84 194 173
84 194 115
84 194 104
84 173 115
84 173 194
84 173 104
84 115 194
84 115 173
84 115 104
84 104 194
84 104 173
84 104 115
