139 60 56
139 60 61
139 60 86
139 56 61
139 56 60
139 56 86
139 61 60
139 61 56
139 61 86
139 86 60
139 86 56
139 86 61
139 75 78
139 75 41
139 75 95
139 78 41
139 78 75
139 78 95
139 41 75
139 41 78
139 41 95
139 95 75
139 95 78
139 95 41
139 38 51
139 38 72
139 38 30
139 51 72
139 51 38
139 51 30
139 72 38
139 72 51
139 72 30
139 30 38
139 30 51
139 30 72
139 51 24
139 51 23
139 51 54
139 24 23
139 24 51
139 24 54
139 23 51
139 23 24
139 23 54
139 54 51
139 54 24
139 54 23
139 24 0
139 24 0
139 24 21
139 0 0
139 0 24
139 0 21
139 0 24
139 0 0
139 0 21
139 21 24
139 21 0
139 21 0
