42 40 24
42 40 17
42 40 20
42 24 17
42 24 40
42 24 20
42 17 40
42 17 24
42 17 20
42 20 40
42 20 24
42 20 17
42 0 6
42 0 1
42 0 3
42 6 1
42 6 0
42 6 3
42 1 0
42 1 6
42 1 3
42 3 0
42 3 6
42 3 1
42 35 40
42 35 33
42 35 33
42 40 33
42 40 35
42 40 33
42 33 35
42 33 40
42 33 33
42 33 35
42 33 40
42 33 33
42 11 35
42 11 30
42 11 39
42 35 30
42 35 11
42 35 39
42 30 11
42 30 35
42 30 39
42 39 11
42 39 35
42 39 30
42 31 70
42 31 98
42 31 112
42 70 98
42 70 31
42 70 112
42 98 31
42 98 70
42 98 112
42 112 31
42 112 70
42 112 98
