84 78 31
84 78 40
84 78 32
84 31 40
84 31 78
84 31 32
84 40 78
84 40 31
84 40 32
84 32 78
84 32 31
84 32 40
84 60 36
84 60 29
84 60 41
84 36 29
84 36 60
84 36 41
84 29 60
84 29 36
84 29 41
84 41 60
84 41 36
84 41 29
84 51 30
84 51 52
84 51 28
84 30 52
84 30 51
84 30 28
84 52 51
84 52 30
84 52 28
84 28 51
84 28 30
84 28 52
84 71 40
84 71 47
84 71 42
84 40 47
84 40 71
84 40 42
84 47 71
84 47 40
84 47 42
84 42 71
84 42 40
84 42 47
84 100 30
84 100 36
84 100 43
84 30 36
84 30 100
84 30 43
84 36 100
84 36 30
84 36 43
84 43 100
84 43 30
84 43 36
