103 94 160
103 94 109
103 94 114
103 160 109
103 160 94
103 160 114
103 109 94
103 109 160
103 109 114
103 114 94
103 114 160
103 114 109
103 106 83
103 106 95
103 106 92
103 83 95
103 83 106
103 83 92
103 95 106
103 95 83
103 95 92
103 92 106
103 92 83
103 92 95
103 98 231
103 98 186
103 98 193
103 231 186
103 231 98
103 231 193
103 186 98
103 186 231
103 186 193
103 193 98
103 193 231
103 193 186
103 121 180
103 121 179
103 121 152
103 180 179
103 180 121
103 180 152
103 179 121
103 179 180
103 179 152
103 152 121
103 152 180
103 152 179
103 101 140
103 101 148
103 101 151
103 140 148
103 140 101
103 140 151
103 148 101
103 148 140
103 148 151
103 151 101
103 151 140
103 151 148
