98 154 46
98 154 39
98 154 43
98 46 39
98 46 154
98 46 43
98 39 154
98 39 46
98 39 43
98 43 154
98 43 46
98 43 39
98 141 46
98 141 40
98 141 57
98 46 40
98 46 141
98 46 57
98 40 141
98 40 46
98 40 57
98 57 141
98 57 46
98 57 40
98 119 59
98 119 35
98 119 63
98 59 35
98 59 119
98 59 63
98 35 119
98 35 59
98 35 63
98 63 119
98 63 59
98 63 35
98 104 47
98 104 68
98 104 46
98 47 68
98 47 104
98 47 46
98 68 104
98 68 47
98 68 46
98 46 104
98 46 47
98 46 68
98 142 83
98 142 69
98 142 83
98 83 69
98 83 142
98 83 83
98 69 142
98 69 83
98 69 83
98 83 142
98 83 83
98 83 69
