41 37 68
41 37 53
41 37 63
41 68 53
41 68 37
41 68 63
41 53 37
41 53 68
41 53 63
41 63 37
41 63 68
41 63 53
41 26 61
41 26 75
41 26 63
41 61 75
41 61 26
41 61 63
41 75 26
41 75 61
41 75 63
41 63 26
41 63 61
41 63 75
41 42 70
41 42 77
41 42 91
41 70 77
41 70 42
41 70 91
41 77 42
41 77 70
41 77 91
41 91 42
41 91 70
41 91 77
41 40 95
41 40 100
41 40 84
41 95 100
41 95 40
41 95 84
41 100 40
41 100 95
41 100 84
41 84 40
41 84 95
41 84 100
41 57 131
41 57 122
41 57 127
41 131 122
41 131 57
41 131 127
41 122 57
41 122 131
41 122 127
41 127 57
41 127 131
41 127 122
