110 182 185
110 182 166
110 182 149
110 185 166
110 185 182
110 185 149
110 166 182
110 166 185
110 166 149
110 149 182
110 149 185
110 149 166
110 196 177
110 196 190
110 196 189
110 177 190
110 177 196
110 177 189
110 190 196
110 190 177
110 190 189
110 189 196
110 189 177
110 189 190
110 149 136
110 149 154
110 149 153
110 136 154
110 136 149
110 136 153
110 154 149
110 154 136
110 154 153
110 153 149
110 153 136
110 153 154
110 129 142
110 129 115
110 129 119
110 142 115
110 142 129
110 142 119
110 115 129
110 115 142
110 115 119
110 119 129
110 119 142
110 119 115
110 126 152
110 126 131
110 126 174
110 152 131
110 152 126
110 152 174
110 131 126
110 131 152
110 131 174
110 174 126
110 174 152
110 174 131
