89 248 83
89 248 85
89 248 96
89 83 85
89 83 248
89 83 96
89 85 248
89 85 83
89 85 96
89 96 248
89 96 83
89 96 85
89 200 73
89 200 107
89 200 112
89 73 107
89 73 200
89 73 112
89 107 200
89 107 73
89 107 112
89 112 200
89 112 73
89 112 107
89 175 71
89 175 79
89 175 81
89 71 79
89 71 175
89 71 81
89 79 175
89 79 71
89 79 81
89 81 175
89 81 71
89 81 79
89 179 92
89 179 68
89 179 92
89 92 68
89 92 179
89 92 92
89 68 179
89 68 92
89 68 92
89 92 179
89 92 92
89 92 68
89 187 113
89 187 93
89 187 79
89 113 93
89 113 187
89 113 79
89 93 187
89 93 113
89 93 79
89 79 187
89 79 113
89 79 93
