88 104 71
88 104 66
88 104 59
88 71 66
88 71 104
88 71 59
88 66 104
88 66 71
88 66 59
88 59 104
88 59 71
88 59 66
88 119 49
88 119 54
88 119 46
88 49 54
88 49 119
88 49 46
88 54 119
88 54 49
88 54 46
88 46 119
88 46 49
88 46 54
88 136 51
88 136 53
88 136 54
88 51 53
88 51 136
88 51 54
88 53 136
88 53 51
88 53 54
88 54 136
88 54 51
88 54 53
88 96 64
88 96 48
88 96 50
88 64 48
88 64 96
88 64 50
88 48 96
88 48 64
88 48 50
88 50 96
88 50 64
88 50 48
88 118 60
88 118 60
88 118 58
88 60 60
88 60 118
88 60 58
88 60 118
88 60 60
88 60 58
88 58 118
88 58 60
88 58 60
