96 158 104
96 158 99
96 158 91
96 104 99
96 104 158
96 104 91
96 99 158
96 99 104
96 99 91
96 91 158
96 91 104
96 91 99
96 131 115
96 131 93
96 131 101
96 115 93
96 115 131
96 115 101
96 93 131
96 93 115
96 93 101
96 101 131
96 101 115
96 101 93
96 127 89
96 127 97
96 127 81
96 89 97
96 89 127
96 89 81
96 97 127
96 97 89
96 97 81
96 81 127
96 81 89
96 81 97
96 105 65
96 105 65
96 105 91
96 65 65
96 65 105
96 65 91
96 65 105
96 65 65
96 65 91
96 91 105
96 91 65
96 91 65
96 121 85
96 121 79
96 121 87
96 85 79
96 85 121
96 85 87
96 79 121
96 79 85
96 79 87
96 87 121
96 87 85
96 87 79
