125 22 21
125 22 42
125 22 25
125 21 42
125 21 22
125 21 25
125 42 22
125 42 21
125 42 25
125 25 22
125 25 21
125 25 42
125 40 31
125 40 31
125 40 33
125 31 31
125 31 40
125 31 33
125 31 40
125 31 31
125 31 33
125 33 40
125 33 31
125 33 31
125 36 26
125 36 39
125 36 46
125 26 39
125 26 36
125 26 46
125 39 36
125 39 26
125 39 46
125 46 36
125 46 26
125 46 39
125 35 32
125 35 36
125 35 24
125 32 36
125 32 35
125 32 24
125 36 35
125 36 32
125 36 24
125 24 35
125 24 32
125 24 36
125 34 28
125 34 32
125 34 34
125 28 32
125 28 34
125 28 34
125 32 34
125 32 28
125 32 34
125 34 34
125 34 28
125 34 32
