100 104 47
100 104 68
100 104 46
100 47 68
100 47 104
100 47 46
100 68 104
100 68 47
100 68 46
100 46 104
100 46 47
100 46 68
100 119 59
100 119 35
100 119 63
100 59 35
100 59 119
100 59 63
100 35 119
100 35 59
100 35 63
100 63 119
100 63 59
100 63 35
100 142 83
100 142 69
100 142 83
100 83 69
100 83 142
100 83 83
100 69 142
100 69 83
100 69 83
100 83 142
100 83 83
100 83 69
100 112 74
100 112 52
100 112 75
100 74 52
100 74 112
100 74 75
100 52 112
100 52 74
100 52 75
100 75 112
100 75 74
100 75 52
100 132 108
100 132 110
100 132 108
100 108 110
100 108 132
100 108 108
100 110 132
100 110 108
100 110 108
100 108 132
100 108 108
100 108 110
