55 157 326
55 157 292
55 157 320
55 326 292
55 326 157
55 326 320
55 292 157
55 292 326
55 292 320
55 320 157
55 320 326
55 320 292
55 170 341
55 170 369
55 170 357
55 341 369
55 341 170
55 341 357
55 369 170
55 369 341
55 369 357
55 357 170
55 357 341
55 357 369
55 151 265
55 151 274
55 151 252
55 265 274
55 265 151
55 265 252
55 274 151
55 274 265
55 274 252
55 252 151
55 252 265
55 252 274
55 170 272
55 170 286
55 170 248
55 272 286
55 272 170
55 272 248
55 286 170
55 286 272
55 286 248
55 248 170
55 248 272
55 248 286
55 162 200
55 162 196
55 162 219
55 200 196
55 200 162
55 200 219
55 196 162
55 196 200
55 196 219
55 219 162
55 219 200
55 219 196
