122 68 79
122 68 73
122 68 72
122 79 73
122 79 68
122 79 72
122 73 68
122 73 79
122 73 72
122 72 68
122 72 79
122 72 73
122 55 60
122 55 70
122 55 95
122 60 70
122 60 55
122 60 95
122 70 55
122 70 60
122 70 95
122 95 55
122 95 60
122 95 70
122 54 91
122 54 76
122 54 89
122 91 76
122 91 54
122 91 89
122 76 54
122 76 91
122 76 89
122 89 54
122 89 91
122 89 76
122 61 89
122 61 82
122 61 82
122 89 82
122 89 61
122 89 82
122 82 61
122 82 89
122 82 82
122 82 61
122 82 89
122 82 82
122 45 85
122 45 52
122 45 69
122 85 52
122 85 45
122 85 69
122 52 45
122 52 85
122 52 69
122 69 45
122 69 85
122 69 52
