118 58 51
118 58 25
118 58 32
118 51 25
118 51 58
118 51 32
118 25 58
118 25 51
118 25 32
118 32 58
118 32 51
118 32 25
118 58 37
118 58 33
118 58 43
118 37 33
118 37 58
118 37 43
118 33 58
118 33 37
118 33 43
118 43 58
118 43 37
118 43 33
118 39 34
118 39 38
118 39 42
118 34 38
118 34 39
118 34 42
118 38 39
118 38 34
118 38 42
118 42 39
118 42 34
118 42 38
118 41 33
118 41 34
118 41 39
118 33 34
118 33 41
118 33 39
118 34 41
118 34 33
118 34 39
118 39 41
118 39 33
118 39 34
118 44 44
118 44 25
118 44 37
118 44 25
118 44 44
118 44 37
118 25 44
118 25 44
118 25 37
118 37 44
118 37 44
118 37 25
