123 185 119
123 185 136
123 185 125
123 119 136
123 119 185
123 119 125
123 136 185
123 136 119
123 136 125
123 125 185
123 125 119
123 125 136
123 191 140
123 191 100
123 191 154
123 140 100
123 140 191
123 140 154
123 100 191
123 100 140
123 100 154
123 154 191
123 154 140
123 154 100
123 188 129
123 188 116
123 188 166
123 129 116
123 129 188
123 129 166
123 116 188
123 116 129
123 116 166
123 166 188
123 166 129
123 166 116
123 189 142
123 189 117
123 189 133
123 142 117
123 142 189
123 142 133
123 117 189
123 117 142
123 117 133
123 133 189
123 133 142
123 133 117
123 172 93
123 172 93
123 172 133
123 93 93
123 93 172
123 93 133
123 93 172
123 93 93
123 93 133
123 133 172
123 133 93
123 133 93
