78 155 152
78 155 166
78 155 174
78 152 166
78 152 155
78 152 174
78 166 155
78 166 152
78 166 174
78 174 155
78 174 152
78 174 166
78 264 154
78 264 112
78 264 176
78 154 112
78 154 264
78 154 176
78 112 264
78 112 154
78 112 176
78 176 264
78 176 154
78 176 112
78 314 132
78 314 79
78 314 129
78 132 79
78 132 314
78 132 129
78 79 314
78 79 132
78 79 129
78 129 314
78 129 132
78 129 79
78 167 177
78 167 187
78 167 182
78 177 187
78 177 167
78 177 182
78 187 167
78 187 177
78 187 182
78 182 167
78 182 177
78 182 187
78 277 145
78 277 112
78 277 186
78 145 112
78 145 277
78 145 186
78 112 277
78 112 145
78 112 186
78 186 277
78 186 145
78 186 112
