50 70 190
50 70 200
50 70 180
50 190 200
50 190 70
50 190 180
50 200 70
50 200 190
50 200 180
50 180 70
50 180 190
50 180 200
50 38 214
50 38 218
50 38 217
50 214 218
50 214 38
50 214 217
50 218 38
50 218 214
50 218 217
50 217 38
50 217 214
50 217 218
50 64 220
50 64 176
50 64 210
50 220 176
50 220 64
50 220 210
50 176 64
50 176 220
50 176 210
50 210 64
50 210 220
50 210 176
50 73 203
50 73 240
50 73 220
50 203 240
50 203 73
50 203 220
50 240 73
50 240 203
50 240 220
50 220 73
50 220 203
50 220 240
50 58 133
50 58 162
50 58 127
50 133 162
50 133 58
50 133 127
50 162 58
50 162 133
50 162 127
50 127 58
50 127 133
50 127 162
