122 59 50
122 59 57
122 59 33
122 50 57
122 50 59
122 50 33
122 57 59
122 57 50
122 57 33
122 33 59
122 33 50
122 33 57
122 59 37
122 59 46
122 59 56
122 37 46
122 37 59
122 37 56
122 46 59
122 46 37
122 46 56
122 56 59
122 56 37
122 56 46
122 72 63
122 72 57
122 72 58
122 63 57
122 63 72
122 63 58
122 57 72
122 57 63
122 57 58
122 58 72
122 58 63
122 58 57
122 58 62
122 58 37
122 58 59
122 62 37
122 62 58
122 62 59
122 37 58
122 37 62
122 37 59
122 59 58
122 59 62
122 59 37
122 51 71
122 51 58
122 51 53
122 71 58
122 71 51
122 71 53
122 58 51
122 58 71
122 58 53
122 53 51
122 53 71
122 53 58
