96 226 66
96 226 62
96 226 66
96 66 62
96 66 226
96 66 66
96 62 226
96 62 66
96 62 66
96 66 226
96 66 66
96 66 62
96 214 71
96 214 92
96 214 127
96 71 92
96 71 214
96 71 127
96 92 214
96 92 71
96 92 127
96 127 214
96 127 71
96 127 92
96 151 60
96 151 102
96 151 62
96 60 102
96 60 151
96 60 62
96 102 151
96 102 60
96 102 62
96 62 151
96 62 60
96 62 102
96 236 78
96 236 74
96 236 130
96 78 74
96 78 236
96 78 130
96 74 236
96 74 78
96 74 130
96 130 236
96 130 78
96 130 74
96 269 74
96 269 95
96 269 73
96 74 95
96 74 269
96 74 73
96 95 269
96 95 74
96 95 73
96 73 269
96 73 74
96 73 95
