113 246 672
113 246 615
113 246 633
113 672 615
113 672 246
113 672 633
113 615 246
113 615 672
113 615 633
113 633 246
113 633 672
113 633 615
113 289 777
113 289 740
113 289 686
113 777 740
113 777 289
113 777 686
113 740 289
113 740 777
113 740 686
113 686 289
113 686 777
113 686 740
113 255 477
113 255 556
113 255 445
113 477 556
113 477 255
113 477 445
113 556 255
113 556 477
113 556 445
113 445 255
113 445 477
113 445 556
113 242 439
113 242 428
113 242 505
113 439 428
113 439 242
113 439 505
113 428 242
113 428 439
113 428 505
113 505 242
113 505 439
113 505 428
113 273 475
113 273 498
113 273 410
113 475 498
113 475 273
113 475 410
113 498 273
113 498 475
113 498 410
113 410 273
113 410 475
113 410 498
