139 86 74
139 86 75
139 86 79
139 74 75
139 74 86
139 74 79
139 75 86
139 75 74
139 75 79
139 79 86
139 79 74
139 79 75
139 106 54
139 106 49
139 106 46
139 54 49
139 54 106
139 54 46
139 49 106
139 49 54
139 49 46
139 46 106
139 46 54
139 46 49
139 166 57
139 166 39
139 166 30
139 57 39
139 57 166
139 57 30
139 39 166
139 39 57
139 39 30
139 30 166
139 30 57
139 30 39
139 40 29
139 40 26
139 40 51
139 29 26
139 29 40
139 29 51
139 26 40
139 26 29
139 26 51
139 51 40
139 51 29
139 51 26
139 75 27
139 75 12
139 75 15
139 27 12
139 27 75
139 27 15
139 12 75
139 12 27
139 12 15
139 15 75
139 15 27
139 15 12
