93 2741 878
93 2741 1064
93 2741 1176
93 878 1064
93 878 2741
93 878 1176
93 1064 2741
93 1064 878
93 1064 1176
93 1176 2741
93 1176 878
93 1176 1064
93 2445 599
93 2445 828
93 2445 921
93 599 828
93 599 2445
93 599 921
93 828 2445
93 828 599
93 828 921
93 921 2445
93 921 599
93 921 828
93 2540 950
93 2540 929
93 2540 972
93 950 929
93 950 2540
93 950 972
93 929 2540
93 929 950
93 929 972
93 972 2540
93 972 950
93 972 929
93 2968 1200
93 2968 1136
93 2968 1462
93 1200 1136
93 1200 2968
93 1200 1462
93 1136 2968
93 1136 1200
93 1136 1462
93 1462 2968
93 1462 1200
93 1462 1136
93 3039 992
93 3039 1244
93 3039 1317
93 992 1244
93 992 3039
93 992 1317
93 1244 3039
93 1244 992
93 1244 1317
93 1317 3039
93 1317 992
93 1317 1244
