59 61 77
59 61 66
59 61 52
59 77 66
59 77 61
59 77 52
59 66 61
59 66 77
59 66 52
59 52 61
59 52 77
59 52 66
59 42 68
59 42 69
59 42 60
59 68 69
59 68 42
59 68 60
59 69 42
59 69 68
59 69 60
59 60 42
59 60 68
59 60 69
59 65 75
59 65 61
59 65 75
59 75 61
59 75 65
59 75 75
59 61 65
59 61 75
59 61 75
59 75 65
59 75 75
59 75 61
59 61 68
59 61 67
59 61 80
59 68 67
59 68 61
59 68 80
59 67 61
59 67 68
59 67 80
59 80 61
59 80 68
59 80 67
59 86 56
59 86 53
59 86 74
59 56 53
59 56 86
59 56 74
59 53 86
59 53 56
59 53 74
59 74 86
59 74 56
59 74 53
