86 562 199
86 562 190
86 562 257
86 199 190
86 199 562
86 199 257
86 190 562
86 190 199
86 190 257
86 257 562
86 257 199
86 257 190
86 498 210
86 498 159
86 498 259
86 210 159
86 210 498
86 210 259
86 159 498
86 159 210
86 159 259
86 259 498
86 259 210
86 259 159
86 571 193
86 571 195
86 571 231
86 193 195
86 193 571
86 193 231
86 195 571
86 195 193
86 195 231
86 231 571
86 231 193
86 231 195
86 539 182
86 539 175
86 539 243
86 182 175
86 182 539
86 182 243
86 175 539
86 175 182
86 175 243
86 243 539
86 243 182
86 243 175
86 578 186
86 578 222
86 578 241
86 186 222
86 186 578
86 186 241
86 222 578
86 222 186
86 222 241
86 241 578
86 241 186
86 241 222
