133 37 42
133 37 27
133 37 35
133 42 27
133 42 37
133 42 35
133 27 37
133 27 42
133 27 35
133 35 37
133 35 42
133 35 27
133 32 45
133 32 42
133 32 42
133 45 42
133 45 32
133 45 42
133 42 32
133 42 45
133 42 42
133 42 32
133 42 45
133 42 42
133 22 27
133 22 27
133 22 39
133 27 27
133 27 22
133 27 39
133 27 22
133 27 27
133 27 39
133 39 22
133 39 27
133 39 27
133 14 27
133 14 24
133 14 30
133 27 24
133 27 14
133 27 30
133 24 14
133 24 27
133 24 30
133 30 14
133 30 27
133 30 24
133 25 17
133 25 20
133 25 34
133 17 20
133 17 25
133 17 34
133 20 25
133 20 17
133 20 34
133 34 25
133 34 17
133 34 20
