140 8 0
140 8 0
140 8 1
140 0 0
140 0 8
140 0 1
140 0 8
140 0 0
140 0 1
140 1 8
140 1 0
140 1 0
140 16 19
140 16 18
140 16 17
140 19 18
140 19 16
140 19 17
140 18 16
140 18 19
140 18 17
140 17 16
140 17 19
140 17 18
140 1 0
140 1 0
140 1 4
140 0 0
140 0 1
140 0 4
140 0 1
140 0 0
140 0 4
140 4 1
140 4 0
140 4 0
140 0 0
140 0 0
140 0 0
140 0 0
140 0 0
140 0 0
140 0 0
140 0 0
140 0 0
140 0 0
140 0 0
140 0 0
140 0 0
140 0 0
140 0 0
140 0 0
140 0 0
140 0 0
140 0 0
140 0 0
140 0 0
140 0 0
140 0 0
140 0 0
