48 65 360
48 65 316
48 65 362
48 360 316
48 360 65
48 360 362
48 316 65
48 316 360
48 316 362
48 362 65
48 362 360
48 362 316
48 66 304
48 66 346
48 66 351
48 304 346
48 304 66
48 304 351
48 346 66
48 346 304
48 346 351
48 351 66
48 351 304
48 351 346
48 92 401
48 92 426
48 92 435
48 401 426
48 401 92
48 401 435
48 426 92
48 426 401
48 426 435
48 435 92
48 435 401
48 435 426
48 71 389
48 71 420
48 71 434
48 389 420
48 389 71
48 389 434
48 420 71
48 420 389
48 420 434
48 434 71
48 434 389
48 434 420
48 77 346
48 77 358
48 77 332
48 346 358
48 346 77
48 346 332
48 358 77
48 358 346
48 358 332
48 332 77
48 332 346
48 332 358
