40 39 28
40 39 38
40 39 29
40 28 38
40 28 39
40 28 29
40 38 39
40 38 28
40 38 29
40 29 39
40 29 28
40 29 38
40 29 27
40 29 24
40 29 31
40 27 24
40 27 29
40 27 31
40 24 29
40 24 27
40 24 31
40 31 29
40 31 27
40 31 24
40 48 80
40 48 57
40 48 54
40 80 57
40 80 48
40 80 54
40 57 48
40 57 80
40 57 54
40 54 48
40 54 80
40 54 57
40 68 89
40 68 82
40 68 81
40 89 82
40 89 68
40 89 81
40 82 68
40 82 89
40 82 81
40 81 68
40 81 89
40 81 82
40 61 122
40 61 138
40 61 120
40 122 138
40 122 61
40 122 120
40 138 61
40 138 122
40 138 120
40 120 61
40 120 122
40 120 138
