46 32 112
46 32 71
46 32 75
46 112 71
46 112 32
46 112 75
46 71 32
46 71 112
46 71 75
46 75 32
46 75 112
46 75 71
46 31 70
46 31 98
46 31 112
46 70 98
46 70 31
46 70 112
46 98 31
46 98 70
46 98 112
46 112 31
46 112 70
46 112 98
46 27 49
46 27 55
46 27 59
46 49 55
46 49 27
46 49 59
46 55 27
46 55 49
46 55 59
46 59 27
46 59 49
46 59 55
46 25 80
46 25 83
46 25 97
46 80 83
46 80 25
46 80 97
46 83 25
46 83 80
46 83 97
46 97 25
46 97 80
46 97 83
46 15 108
46 15 108
46 15 109
46 108 108
46 108 15
46 108 109
46 108 15
46 108 108
46 108 109
46 109 15
46 109 108
46 109 108
