133 83 54
133 83 62
133 83 81
133 54 62
133 54 83
133 54 81
133 62 83
133 62 54
133 62 81
133 81 83
133 81 54
133 81 62
133 77 63
133 77 44
133 77 60
133 63 44
133 63 77
133 63 60
133 44 77
133 44 63
133 44 60
133 60 77
133 60 63
133 60 44
133 65 56
133 65 63
133 65 73
133 56 63
133 56 65
133 56 73
133 63 65
133 63 56
133 63 73
133 73 65
133 73 56
133 73 63
133 61 51
133 61 49
133 61 43
133 51 49
133 51 61
133 51 43
133 49 61
133 49 51
133 49 43
133 43 61
133 43 51
133 43 49
133 45 0
133 45 0
133 45 42
133 0 0
133 0 45
133 0 42
133 0 45
133 0 0
133 0 42
133 42 45
133 42 0
133 42 0
