107 286 269
107 286 285
107 286 283
107 269 285
107 269 286
107 269 283
107 285 286
107 285 269
107 285 283
107 283 286
107 283 269
107 283 285
107 231 267
107 231 253
107 231 245
107 267 253
107 267 231
107 267 245
107 253 231
107 253 267
107 253 245
107 245 231
107 245 267
107 245 253
107 233 337
107 233 299
107 233 297
107 337 299
107 337 233
107 337 297
107 299 233
107 299 337
107 299 297
107 297 233
107 297 337
107 297 299
107 227 353
107 227 370
107 227 381
107 353 370
107 353 227
107 353 381
107 370 227
107 370 353
107 370 381
107 381 227
107 381 353
107 381 370
107 200 405
107 200 423
107 200 349
107 405 423
107 405 200
107 405 349
107 423 200
107 423 405
107 423 349
107 349 200
107 349 405
107 349 423
