65 54 32
65 54 31
65 54 24
65 32 31
65 32 54
65 32 24
65 31 54
65 31 32
65 31 24
65 24 54
65 24 32
65 24 31
65 54 17
65 54 29
65 54 36
65 17 29
65 17 54
65 17 36
65 29 54
65 29 17
65 29 36
65 36 54
65 36 17
65 36 29
65 66 19
65 66 36
65 66 30
65 19 36
65 19 66
65 19 30
65 36 66
65 36 19
65 36 30
65 30 66
65 30 19
65 30 36
65 56 25
65 56 15
65 56 34
65 25 15
65 25 56
65 25 34
65 15 56
65 15 25
65 15 34
65 34 56
65 34 25
65 34 15
65 87 38
65 87 30
65 87 31
65 38 30
65 38 87
65 38 31
65 30 87
65 30 38
65 30 31
65 31 87
65 31 38
65 31 30
