94 688 244
94 688 214
94 688 259
94 244 214
94 244 688
94 244 259
94 214 688
94 214 244
94 214 259
94 259 688
94 259 244
94 259 214
94 656 174
94 656 218
94 656 271
94 174 218
94 174 656
94 174 271
94 218 656
94 218 174
94 218 271
94 271 656
94 271 174
94 271 218
94 602 181
94 602 173
94 602 250
94 181 173
94 181 602
94 181 250
94 173 602
94 173 181
94 173 250
94 250 602
94 250 181
94 250 173
94 616 265
94 616 246
94 616 247
94 265 246
94 265 616
94 265 247
94 246 616
94 246 265
94 246 247
94 247 616
94 247 265
94 247 246
94 657 224
94 657 206
94 657 276
94 224 206
94 224 657
94 224 276
94 206 657
94 206 224
94 206 276
94 276 657
94 276 224
94 276 206
