79 201 99
79 201 94
79 201 118
79 99 94
79 99 201
79 99 118
79 94 201
79 94 99
79 94 118
79 118 201
79 118 99
79 118 94
79 163 100
79 163 102
79 163 99
79 100 102
79 100 163
79 100 99
79 102 163
79 102 100
79 102 99
79 99 163
79 99 100
79 99 102
79 229 96
79 229 103
79 229 120
79 96 103
79 96 229
79 96 120
79 103 229
79 103 96
79 103 120
79 120 229
79 120 96
79 120 103
79 233 94
79 233 114
79 233 116
79 94 114
79 94 233
79 94 116
79 114 233
79 114 94
79 114 116
79 116 233
79 116 94
79 116 114
79 212 111
79 212 100
79 212 134
79 111 100
79 111 212
79 111 134
79 100 212
79 100 111
79 100 134
79 134 212
79 134 111
79 134 100
