90 124 39
90 124 36
90 124 49
90 39 36
90 39 124
90 39 49
90 36 124
90 36 39
90 36 49
90 49 124
90 49 39
90 49 36
90 120 45
90 120 40
90 120 51
90 45 40
90 45 120
90 45 51
90 40 120
90 40 45
90 40 51
90 51 120
90 51 45
90 51 40
90 140 51
90 140 36
90 140 45
90 51 36
90 51 140
90 51 45
90 36 140
90 36 51
90 36 45
90 45 140
90 45 51
90 45 36
90 113 31
90 113 36
90 113 62
90 31 36
90 31 113
90 31 62
90 36 113
90 36 31
90 36 62
90 62 113
90 62 31
90 62 36
90 129 65
90 129 33
90 129 54
90 65 33
90 65 129
90 65 54
90 33 129
90 33 65
90 33 54
90 54 129
90 54 65
90 54 33
