91 146 43
91 146 92
91 146 70
91 43 92
91 43 146
91 43 70
91 92 146
91 92 43
91 92 70
91 70 146
91 70 43
91 70 92
91 159 71
91 159 72
91 159 48
91 71 72
91 71 159
91 71 48
91 72 159
91 72 71
91 72 48
91 48 159
91 48 71
91 48 72
91 150 74
91 150 86
91 150 78
91 74 86
91 74 150
91 74 78
91 86 150
91 86 74
91 86 78
91 78 150
91 78 74
91 78 86
91 130 72
91 130 71
91 130 71
91 72 71
91 72 130
91 72 71
91 71 130
91 71 72
91 71 71
91 71 130
91 71 72
91 71 71
91 141 76
91 141 66
91 141 76
91 76 66
91 76 141
91 76 76
91 66 141
91 66 76
91 66 76
91 76 141
91 76 76
91 76 66
