123 43 108
123 43 128
123 43 139
123 108 128
123 108 43
123 108 139
123 128 43
123 128 108
123 128 139
123 139 43
123 139 108
123 139 128
123 87 93
123 87 141
123 87 113
123 93 141
123 93 87
123 93 113
123 141 87
123 141 93
123 141 113
123 113 87
123 113 93
123 113 141
123 59 98
123 59 104
123 59 108
123 98 104
123 98 59
123 98 108
123 104 59
123 104 98
123 104 108
123 108 59
123 108 98
123 108 104
123 43 89
123 43 109
123 43 126
123 89 109
123 89 43
123 89 126
123 109 43
123 109 89
123 109 126
123 126 43
123 126 89
123 126 109
123 72 81
123 72 97
123 72 102
123 81 97
123 81 72
123 81 102
123 97 72
123 97 81
123 97 102
123 102 72
123 102 81
123 102 97
