135 83 75
135 83 38
135 83 58
135 75 38
135 75 83
135 75 58
135 38 83
135 38 75
135 38 58
135 58 83
135 58 75
135 58 38
135 123 99
135 123 97
135 123 89
135 99 97
135 99 123
135 99 89
135 97 123
135 97 99
135 97 89
135 89 123
135 89 99
135 89 97
135 151 48
135 151 109
135 151 102
135 48 109
135 48 151
135 48 102
135 109 151
135 109 48
135 109 102
135 102 151
135 102 48
135 102 109
135 74 76
135 74 57
135 74 93
135 76 57
135 76 74
135 76 93
135 57 74
135 57 76
135 57 93
135 93 74
135 93 76
135 93 57
135 103 42
135 103 39
135 103 53
135 42 39
135 42 103
135 42 53
135 39 103
135 39 42
135 39 53
135 53 103
135 53 42
135 53 39
