118 123 182
118 123 196
118 123 216
118 182 196
118 182 123
118 182 216
118 196 123
118 196 182
118 196 216
118 216 123
118 216 182
118 216 196
118 161 241
118 161 242
118 161 233
118 241 242
118 241 161
118 241 233
118 242 161
118 242 241
118 242 233
118 233 161
118 233 241
118 233 242
118 132 158
118 132 183
118 132 210
118 158 183
118 158 132
118 158 210
118 183 132
118 183 158
118 183 210
118 210 132
118 210 158
118 210 183
118 197 189
118 197 192
118 197 211
118 189 192
118 189 197
118 189 211
118 192 197
118 192 189
118 192 211
118 211 197
118 211 189
118 211 192
118 251 243
118 251 223
118 251 295
118 243 223
118 243 251
118 243 295
118 223 251
118 223 243
118 223 295
118 295 251
118 295 243
118 295 223
