124 64 76
124 64 83
124 64 107
124 76 83
124 76 64
124 76 107
124 83 64
124 83 76
124 83 107
124 107 64
124 107 76
124 107 83
124 91 77
124 91 76
124 91 103
124 77 76
124 77 91
124 77 103
124 76 91
124 76 77
124 76 103
124 103 91
124 103 77
124 103 76
124 74 96
124 74 73
124 74 106
124 96 73
124 96 74
124 96 106
124 73 74
124 73 96
124 73 106
124 106 74
124 106 96
124 106 73
124 69 67
124 69 69
124 69 70
124 67 69
124 67 69
124 67 70
124 69 69
124 69 67
124 69 70
124 70 69
124 70 67
124 70 69
124 61 87
124 61 84
124 61 88
124 87 84
124 87 61
124 87 88
124 84 61
124 84 87
124 84 88
124 88 61
124 88 87
124 88 84
