138 65 20
138 65 17
138 65 16
138 20 17
138 20 65
138 20 16
138 17 65
138 17 20
138 17 16
138 16 65
138 16 20
138 16 17
138 29 33
138 29 35
138 29 32
138 33 35
138 33 29
138 33 32
138 35 29
138 35 33
138 35 32
138 32 29
138 32 33
138 32 35
138 24 18
138 24 24
138 24 26
138 18 24
138 18 24
138 18 26
138 24 24
138 24 18
138 24 26
138 26 24
138 26 18
138 26 24
138 20 18
138 20 16
138 20 7
138 18 16
138 18 20
138 18 7
138 16 20
138 16 18
138 16 7
138 7 20
138 7 18
138 7 16
138 24 7
138 24 16
138 24 10
138 7 16
138 7 24
138 7 10
138 16 24
138 16 7
138 16 10
138 10 24
138 10 7
138 10 16
