130 43 34
130 43 20
130 43 42
130 34 20
130 34 43
130 34 42
130 20 43
130 20 34
130 20 42
130 42 43
130 42 34
130 42 20
130 50 57
130 50 37
130 50 48
130 57 37
130 57 50
130 57 48
130 37 50
130 37 57
130 37 48
130 48 50
130 48 57
130 48 37
130 49 41
130 49 41
130 49 41
130 41 41
130 41 49
130 41 41
130 41 49
130 41 41
130 41 41
130 41 49
130 41 41
130 41 41
130 39 21
130 39 18
130 39 30
130 21 18
130 21 39
130 21 30
130 18 39
130 18 21
130 18 30
130 30 39
130 30 21
130 30 18
130 69 38
130 69 42
130 69 44
130 38 42
130 38 69
130 38 44
130 42 69
130 42 38
130 42 44
130 44 69
130 44 38
130 44 42
