47 883 1060
47 883 1146
47 883 1210
47 1060 1146
47 1060 883
47 1060 1210
47 1146 883
47 1146 1060
47 1146 1210
47 1210 883
47 1210 1060
47 1210 1146
47 848 955
47 848 928
47 848 1329
47 955 928
47 955 848
47 955 1329
47 928 848
47 928 955
47 928 1329
47 1329 848
47 1329 955
47 1329 928
47 1089 1127
47 1089 984
47 1089 1131
47 1127 984
47 1127 1089
47 1127 1131
47 984 1089
47 984 1127
47 984 1131
47 1131 1089
47 1131 1127
47 1131 984
47 1144 1253
47 1144 1324
47 1144 1470
47 1253 1324
47 1253 1144
47 1253 1470
47 1324 1144
47 1324 1253
47 1324 1470
47 1470 1144
47 1470 1253
47 1470 1324
47 1191 1318
47 1191 1356
47 1191 1543
47 1318 1356
47 1318 1191
47 1318 1543
47 1356 1191
47 1356 1318
47 1356 1543
47 1543 1191
47 1543 1318
47 1543 1356
