94 144 92
94 144 72
94 144 74
94 92 72
94 92 144
94 92 74
94 72 144
94 72 92
94 72 74
94 74 144
94 74 92
94 74 72
94 134 65
94 134 87
94 134 74
94 65 87
94 65 134
94 65 74
94 87 134
94 87 65
94 87 74
94 74 134
94 74 65
94 74 87
94 122 73
94 122 83
94 122 88
94 73 83
94 73 122
94 73 88
94 83 122
94 83 73
94 83 88
94 88 122
94 88 73
94 88 83
94 122 61
94 122 71
94 122 73
94 61 71
94 61 122
94 61 73
94 71 122
94 71 61
94 71 73
94 73 122
94 73 61
94 73 71
94 107 87
94 107 87
94 107 93
94 87 87
94 87 107
94 87 93
94 87 107
94 87 87
94 87 93
94 93 107
94 93 87
94 93 87
