82 122 76
82 122 63
82 122 61
82 76 63
82 76 122
82 76 61
82 63 122
82 63 76
82 63 61
82 61 122
82 61 76
82 61 63
82 134 80
82 134 80
82 134 109
82 80 80
82 80 134
82 80 109
82 80 134
82 80 80
82 80 109
82 109 134
82 109 80
82 109 80
82 110 71
82 110 55
82 110 88
82 71 55
82 71 110
82 71 88
82 55 110
82 55 71
82 55 88
82 88 110
82 88 71
82 88 55
82 135 57
82 135 50
82 135 84
82 57 50
82 57 135
82 57 84
82 50 135
82 50 57
82 50 84
82 84 135
82 84 57
82 84 50
82 143 74
82 143 55
82 143 86
82 74 55
82 74 143
82 74 86
82 55 143
82 55 74
82 55 86
82 86 143
82 86 74
82 86 55
