101 285 163
101 285 182
101 285 183
101 163 182
101 163 285
101 163 183
101 182 285
101 182 163
101 182 183
101 183 285
101 183 163
101 183 182
101 359 148
101 359 148
101 359 153
101 148 148
101 148 359
101 148 153
101 148 359
101 148 148
101 148 153
101 153 359
101 153 148
101 153 148
101 284 185
101 284 191
101 284 198
101 185 191
101 185 284
101 185 198
101 191 284
101 191 185
101 191 198
101 198 284
101 198 185
101 198 191
101 275 189
101 275 243
101 275 192
101 189 243
101 189 275
101 189 192
101 243 275
101 243 189
101 243 192
101 192 275
101 192 189
101 192 243
101 327 248
101 327 262
101 327 240
101 248 262
101 248 327
101 248 240
101 262 327
101 262 248
101 262 240
101 240 327
101 240 248
101 240 262
