77 166 90
77 166 76
77 166 91
77 90 76
77 90 166
77 90 91
77 76 166
77 76 90
77 76 91
77 91 166
77 91 90
77 91 76
77 129 74
77 129 74
77 129 106
77 74 74
77 74 129
77 74 106
77 74 129
77 74 74
77 74 106
77 106 129
77 106 74
77 106 74
77 134 82
77 134 63
77 134 92
77 82 63
77 82 134
77 82 92
77 63 134
77 63 82
77 63 92
77 92 134
77 92 82
77 92 63
77 141 84
77 141 74
77 141 87
77 84 74
77 84 141
77 84 87
77 74 141
77 74 84
77 74 87
77 87 141
77 87 84
77 87 74
77 136 56
77 136 54
77 136 89
77 56 54
77 56 136
77 56 89
77 54 136
77 54 56
77 54 89
77 89 136
77 89 56
77 89 54
