75 87 55
75 87 57
75 87 78
75 55 57
75 55 87
75 55 78
75 57 87
75 57 55
75 57 78
75 78 87
75 78 55
75 78 57
75 97 79
75 97 53
75 97 102
75 79 53
75 79 97
75 79 102
75 53 97
75 53 79
75 53 102
75 102 97
75 102 79
75 102 53
75 120 88
75 120 98
75 120 62
75 88 98
75 88 120
75 88 62
75 98 120
75 98 88
75 98 62
75 62 120
75 62 88
75 62 98
75 104 72
75 104 68
75 104 99
75 72 68
75 72 104
75 72 99
75 68 104
75 68 72
75 68 99
75 99 104
75 99 72
75 99 68
75 124 76
75 124 78
75 124 65
75 76 78
75 76 124
75 76 65
75 78 124
75 78 76
75 78 65
75 65 124
75 65 76
75 65 78
