72 126 72
72 126 78
72 126 66
72 72 78
72 72 126
72 72 66
72 78 126
72 78 72
72 78 66
72 66 126
72 66 72
72 66 78
72 169 72
72 169 76
72 169 94
72 72 76
72 72 169
72 72 94
72 76 169
72 76 72
72 76 94
72 94 169
72 94 72
72 94 76
72 179 57
72 179 41
72 179 52
72 57 41
72 57 179
72 57 52
72 41 179
72 41 57
72 41 52
72 52 179
72 52 57
72 52 41
72 184 67
72 184 78
72 184 105
72 67 78
72 67 184
72 67 105
72 78 184
72 78 67
72 78 105
72 105 184
72 105 67
72 105 78
72 155 64
72 155 64
72 155 73
72 64 64
72 64 155
72 64 73
72 64 155
72 64 64
72 64 73
72 73 155
72 73 64
72 73 64
