89 160 86
89 160 86
89 160 80
89 86 86
89 86 160
89 86 80
89 86 160
89 86 86
89 86 80
89 80 160
89 80 86
89 80 86
89 139 85
89 139 81
89 139 86
89 85 81
89 85 139
89 85 86
89 81 139
89 81 85
89 81 86
89 86 139
89 86 85
89 86 81
89 138 61
89 138 96
89 138 114
89 61 96
89 61 138
89 61 114
89 96 138
89 96 61
89 96 114
89 114 138
89 114 61
89 114 96
89 158 81
89 158 69
89 158 114
89 81 69
89 81 158
89 81 114
89 69 158
89 69 81
89 69 114
89 114 158
89 114 81
89 114 69
89 163 90
89 163 97
89 163 114
89 90 97
89 90 163
89 90 114
89 97 163
89 97 90
89 97 114
89 114 163
89 114 90
89 114 97
