77 93 93
77 93 47
77 93 93
77 93 47
77 93 93
77 93 93
77 47 93
77 47 93
77 47 93
77 93 93
77 93 93
77 93 47
77 135 73
77 135 43
77 135 70
77 73 43
77 73 135
77 73 70
77 43 135
77 43 73
77 43 70
77 70 135
77 70 73
77 70 43
77 111 70
77 111 70
77 111 73
77 70 70
77 70 111
77 70 73
77 70 111
77 70 70
77 70 73
77 73 111
77 73 70
77 73 70
77 87 75
77 87 76
77 87 71
77 75 76
77 75 87
77 75 71
77 76 87
77 76 75
77 76 71
77 71 87
77 71 75
77 71 76
77 136 77
77 136 64
77 136 74
77 77 64
77 77 136
77 77 74
77 64 136
77 64 77
77 64 74
77 74 136
77 74 77
77 74 64
