131 8 14
131 8 25
131 8 18
131 14 25
131 14 8
131 14 18
131 25 8
131 25 14
131 25 18
131 18 8
131 18 14
131 18 25
131 8 18
131 8 20
131 8 9
131 18 20
131 18 8
131 18 9
131 20 8
131 20 18
131 20 9
131 9 8
131 9 18
131 9 20
131 9 11
131 9 25
131 9 7
131 11 25
131 11 9
131 11 7
131 25 9
131 25 11
131 25 7
131 7 9
131 7 11
131 7 25
131 5 10
131 5 11
131 5 7
131 10 11
131 10 5
131 10 7
131 11 5
131 11 10
131 11 7
131 7 5
131 7 10
131 7 11
131 3 4
131 3 4
131 3 7
131 4 4
131 4 3
131 4 7
131 4 3
131 4 4
131 4 7
131 7 3
131 7 4
131 7 4
