80 307 110
80 307 110
80 307 124
80 110 110
80 110 307
80 110 124
80 110 307
80 110 110
80 110 124
80 124 307
80 124 110
80 124 110
80 512 124
80 512 140
80 512 154
80 124 140
80 124 512
80 124 154
80 140 512
80 140 124
80 140 154
80 154 512
80 154 124
80 154 140
80 289 185
80 289 112
80 289 181
80 185 112
80 185 289
80 185 181
80 112 289
80 112 185
80 112 181
80 181 289
80 181 185
80 181 112
80 362 135
80 362 155
80 362 209
80 135 155
80 135 362
80 135 209
80 155 362
80 155 135
80 155 209
80 209 362
80 209 135
80 209 155
80 474 156
80 474 127
80 474 123
80 156 127
80 156 474
80 156 123
80 127 474
80 127 156
80 127 123
80 123 474
80 123 156
80 123 127
