77 69 73
77 69 47
77 69 62
77 73 47
77 73 69
77 73 62
77 47 69
77 47 73
77 47 62
77 62 69
77 62 73
77 62 47
77 71 56
77 71 49
77 71 53
77 56 49
77 56 71
77 56 53
77 49 71
77 49 56
77 49 53
77 53 71
77 53 56
77 53 49
77 63 66
77 63 57
77 63 60
77 66 57
77 66 63
77 66 60
77 57 63
77 57 66
77 57 60
77 60 63
77 60 66
77 60 57
77 63 46
77 63 57
77 63 89
77 46 57
77 46 63
77 46 89
77 57 63
77 57 46
77 57 89
77 89 63
77 89 46
77 89 57
77 63 43
77 63 52
77 63 57
77 43 52
77 43 63
77 43 57
77 52 63
77 52 43
77 52 57
77 57 63
77 57 43
77 57 52
