69 473 165
69 473 182
69 473 215
69 165 182
69 165 473
69 165 215
69 182 473
69 182 165
69 182 215
69 215 473
69 215 165
69 215 182
69 335 185
69 335 173
69 335 201
69 185 173
69 185 335
69 185 201
69 173 335
69 173 185
69 173 201
69 201 335
69 201 185
69 201 173
69 301 173
69 301 200
69 301 218
69 173 200
69 173 301
69 173 218
69 200 301
69 200 173
69 200 218
69 218 301
69 218 173
69 218 200
69 398 222
69 398 212
69 398 240
69 222 212
69 222 398
69 222 240
69 212 398
69 212 222
69 212 240
69 240 398
69 240 222
69 240 212
69 343 191
69 343 209
69 343 211
69 191 209
69 191 343
69 191 211
69 209 343
69 209 191
69 209 211
69 211 343
69 211 191
69 211 209
