120 125 77
120 125 94
120 125 129
120 77 94
120 77 125
120 77 129
120 94 125
120 94 77
120 94 129
120 129 125
120 129 77
120 129 94
120 143 109
120 143 108
120 143 102
120 109 108
120 109 143
120 109 102
120 108 143
120 108 109
120 108 102
120 102 143
120 102 109
120 102 108
120 140 95
120 140 120
120 140 192
120 95 120
120 95 140
120 95 192
120 120 140
120 120 95
120 120 192
120 192 140
120 192 95
120 192 120
120 145 108
120 145 115
120 145 197
120 108 115
120 108 145
120 108 197
120 115 145
120 115 108
120 115 197
120 197 145
120 197 108
120 197 115
120 136 104
120 136 98
120 136 154
120 104 98
120 104 136
120 104 154
120 98 136
120 98 104
120 98 154
120 154 136
120 154 104
120 154 98
