67 104 95
67 104 127
67 104 106
67 95 127
67 95 104
67 95 106
67 127 104
67 127 95
67 127 106
67 106 104
67 106 95
67 106 127
67 136 128
67 136 110
67 136 126
67 128 110
67 128 136
67 128 126
67 110 136
67 110 128
67 110 126
67 126 136
67 126 128
67 126 110
67 151 102
67 151 101
67 151 132
67 102 101
67 102 151
67 102 132
67 101 151
67 101 102
67 101 132
67 132 151
67 132 102
67 132 101
67 135 133
67 135 132
67 135 111
67 133 132
67 133 135
67 133 111
67 132 135
67 132 133
67 132 111
67 111 135
67 111 133
67 111 132
67 172 97
67 172 93
67 172 116
67 97 93
67 97 172
67 97 116
67 93 172
67 93 97
67 93 116
67 116 172
67 116 97
67 116 93
