74 106 125
74 106 128
74 106 119
74 125 128
74 125 106
74 125 119
74 128 106
74 128 125
74 128 119
74 119 106
74 119 125
74 119 128
74 87 123
74 87 110
74 87 110
74 123 110
74 123 87
74 123 110
74 110 87
74 110 123
74 110 110
74 110 87
74 110 123
74 110 110
74 100 116
74 100 81
74 100 103
74 116 81
74 116 100
74 116 103
74 81 100
74 81 116
74 81 103
74 103 100
74 103 116
74 103 81
74 76 86
74 76 83
74 76 94
74 86 83
74 86 76
74 86 94
74 83 76
74 83 86
74 83 94
74 94 76
74 94 86
74 94 83
74 94 82
74 94 76
74 94 106
74 82 76
74 82 94
74 82 106
74 76 94
74 76 82
74 76 106
74 106 94
74 106 82
74 106 76
