58 150 184
58 150 178
58 150 154
58 184 178
58 184 150
58 184 154
58 178 150
58 178 184
58 178 154
58 154 150
58 154 184
58 154 178
58 98 196
58 98 180
58 98 153
58 196 180
58 196 98
58 196 153
58 180 98
58 180 196
58 180 153
58 153 98
58 153 196
58 153 180
58 120 134
58 120 139
58 120 165
58 134 139
58 134 120
58 134 165
58 139 120
58 139 134
58 139 165
58 165 120
58 165 134
58 165 139
58 138 114
58 138 112
58 138 139
58 114 112
58 114 138
58 114 139
58 112 138
58 112 114
58 112 139
58 139 138
58 139 114
58 139 112
58 144 91
58 144 112
58 144 112
58 91 112
58 91 144
58 91 112
58 112 144
58 112 91
58 112 112
58 112 144
58 112 91
58 112 112
