128 177 145
128 177 116
128 177 130
128 145 116
128 145 177
128 145 130
128 116 177
128 116 145
128 116 130
128 130 177
128 130 145
128 130 116
128 187 127
128 187 124
128 187 155
128 127 124
128 127 187
128 127 155
128 124 187
128 124 127
128 124 155
128 155 187
128 155 127
128 155 124
128 174 101
128 174 152
128 174 163
128 101 152
128 101 174
128 101 163
128 152 174
128 152 101
128 152 163
128 163 174
128 163 101
128 163 152
128 160 159
128 160 125
128 160 176
128 159 125
128 159 160
128 159 176
128 125 160
128 125 159
128 125 176
128 176 160
128 176 159
128 176 125
128 87 83
128 87 112
128 87 105
128 83 112
128 83 87
128 83 105
128 112 87
128 112 83
128 112 105
128 105 87
128 105 83
128 105 112
