74 124 93
74 124 70
74 124 86
74 93 70
74 93 124
74 93 86
74 70 124
74 70 93
74 70 86
74 86 124
74 86 93
74 86 70
74 125 88
74 125 87
74 125 87
74 88 87
74 88 125
74 88 87
74 87 125
74 87 88
74 87 87
74 87 125
74 87 88
74 87 87
74 101 66
74 101 64
74 101 79
74 66 64
74 66 101
74 66 79
74 64 101
74 64 66
74 64 79
74 79 101
74 79 66
74 79 64
74 126 66
74 126 54
74 126 85
74 66 54
74 66 126
74 66 85
74 54 126
74 54 66
74 54 85
74 85 126
74 85 66
74 85 54
74 134 68
74 134 73
74 134 73
74 68 73
74 68 134
74 68 73
74 73 134
74 73 68
74 73 73
74 73 134
74 73 68
74 73 73
