93 138 106
93 138 96
93 138 111
93 106 96
93 106 138
93 106 111
93 96 138
93 96 106
93 96 111
93 111 138
93 111 106
93 111 96
93 167 100
93 167 120
93 167 109
93 100 120
93 100 167
93 100 109
93 120 167
93 120 100
93 120 109
93 109 167
93 109 100
93 109 120
93 171 121
93 171 105
93 171 123
93 121 105
93 121 171
93 121 123
93 105 171
93 105 121
93 105 123
93 123 171
93 123 121
93 123 105
93 160 135
93 160 120
93 160 168
93 135 120
93 135 160
93 135 168
93 120 160
93 120 135
93 120 168
93 168 160
93 168 135
93 168 120
93 179 137
93 179 126
93 179 131
93 137 126
93 137 179
93 137 131
93 126 179
93 126 137
93 126 131
93 131 179
93 131 137
93 131 126
