107 43 74
107 43 90
107 43 101
107 74 90
107 74 43
107 74 101
107 90 43
107 90 74
107 90 101
107 101 43
107 101 74
107 101 90
107 41 51
107 41 45
107 41 55
107 51 45
107 51 41
107 51 55
107 45 41
107 45 51
107 45 55
107 55 41
107 55 51
107 55 45
107 44 100
107 44 90
107 44 99
107 100 90
107 100 44
107 100 99
107 90 44
107 90 100
107 90 99
107 99 44
107 99 100
107 99 90
107 36 61
107 36 76
107 36 81
107 61 76
107 61 36
107 61 81
107 76 36
107 76 61
107 76 81
107 81 36
107 81 61
107 81 76
107 38 87
107 38 66
107 38 82
107 87 66
107 87 38
107 87 82
107 66 38
107 66 87
107 66 82
107 82 38
107 82 87
107 82 66
