113 170 207
113 170 224
113 170 172
113 207 224
113 207 170
113 207 172
113 224 170
113 224 207
113 224 172
113 172 170
113 172 207
113 172 224
113 147 273
113 147 237
113 147 209
113 273 237
113 273 147
113 273 209
113 237 147
113 237 273
113 237 209
113 209 147
113 209 273
113 209 237
113 144 193
113 144 178
113 144 161
113 193 178
113 193 144
113 193 161
113 178 144
113 178 193
113 178 161
113 161 144
113 161 193
113 161 178
113 109 144
113 109 164
113 109 137
113 144 164
113 144 109
113 144 137
113 164 109
113 164 144
113 164 137
113 137 109
113 137 144
113 137 164
113 136 155
113 136 138
113 136 112
113 155 138
113 155 136
113 155 112
113 138 136
113 138 155
113 138 112
113 112 136
113 112 155
113 112 138
