84 206 134
84 206 126
84 206 164
84 134 126
84 134 206
84 134 164
84 126 206
84 126 134
84 126 164
84 164 206
84 164 134
84 164 126
84 205 114
84 205 127
84 205 128
84 114 127
84 114 205
84 114 128
84 127 205
84 127 114
84 127 128
84 128 205
84 128 114
84 128 127
84 275 157
84 275 182
84 275 209
84 157 182
84 157 275
84 157 209
84 182 275
84 182 157
84 182 209
84 209 275
84 209 157
84 209 182
84 216 160
84 216 115
84 216 170
84 160 115
84 160 216
84 160 170
84 115 216
84 115 160
84 115 170
84 170 216
84 170 160
84 170 115
84 255 111
84 255 83
84 255 103
84 111 83
84 111 255
84 111 103
84 83 255
84 83 111
84 83 103
84 103 255
84 103 111
84 103 83
