84 150 116
84 150 105
84 150 101
84 116 105
84 116 150
84 116 101
84 105 150
84 105 116
84 105 101
84 101 150
84 101 116
84 101 105
84 122 89
84 122 124
84 122 123
84 89 124
84 89 122
84 89 123
84 124 122
84 124 89
84 124 123
84 123 122
84 123 89
84 123 124
84 140 122
84 140 103
84 140 106
84 122 103
84 122 140
84 122 106
84 103 140
84 103 122
84 103 106
84 106 140
84 106 122
84 106 103
84 161 119
84 161 128
84 161 127
84 119 128
84 119 161
84 119 127
84 128 161
84 128 119
84 128 127
84 127 161
84 127 119
84 127 128
84 110 136
84 110 99
84 110 100
84 136 99
84 136 110
84 136 100
84 99 110
84 99 136
84 99 100
84 100 110
84 100 136
84 100 99
