44 68 101
44 68 118
44 68 127
44 101 118
44 101 68
44 101 127
44 118 68
44 118 101
44 118 127
44 127 68
44 127 101
44 127 118
44 51 89
44 51 92
44 51 112
44 89 92
44 89 51
44 89 112
44 92 51
44 92 89
44 92 112
44 112 51
44 112 89
44 112 92
44 57 148
44 57 161
44 57 172
44 148 161
44 148 57
44 148 172
44 161 57
44 161 148
44 161 172
44 172 57
44 172 148
44 172 161
44 54 218
44 54 187
44 54 206
44 218 187
44 218 54
44 218 206
44 187 54
44 187 218
44 187 206
44 206 54
44 206 218
44 206 187
44 53 223
44 53 259
44 53 235
44 223 259
44 223 53
44 223 235
44 259 53
44 259 223
44 259 235
44 235 53
44 235 223
44 235 259
