122 61 62
122 61 57
122 61 62
122 62 57
122 62 61
122 62 62
122 57 61
122 57 62
122 57 62
122 62 61
122 62 62
122 62 57
122 73 42
122 73 51
122 73 87
122 42 51
122 42 73
122 42 87
122 51 73
122 51 42
122 51 87
122 87 73
122 87 42
122 87 51
122 66 58
122 66 69
122 66 54
122 58 69
122 58 66
122 58 54
122 69 66
122 69 58
122 69 54
122 54 66
122 54 58
122 54 69
122 69 53
122 69 67
122 69 78
122 53 67
122 53 69
122 53 78
122 67 69
122 67 53
122 67 78
122 78 69
122 78 53
122 78 67
122 83 80
122 83 76
122 83 83
122 80 76
122 80 83
122 80 83
122 76 83
122 76 80
122 76 83
122 83 83
122 83 80
122 83 76
