115 53 50
115 53 70
115 53 56
115 50 70
115 50 53
115 50 56
115 70 53
115 70 50
115 70 56
115 56 53
115 56 50
115 56 70
115 68 73
115 68 78
115 68 85
115 73 78
115 73 68
115 73 85
115 78 68
115 78 73
115 78 85
115 85 68
115 85 73
115 85 78
115 86 53
115 86 42
115 86 77
115 53 42
115 53 86
115 53 77
115 42 86
115 42 53
115 42 77
115 77 86
115 77 53
115 77 42
115 84 65
115 84 60
115 84 38
115 65 60
115 65 84
115 65 38
115 60 84
115 60 65
115 60 38
115 38 84
115 38 65
115 38 60
115 44 45
115 44 34
115 44 35
115 45 34
115 45 44
115 45 35
115 34 44
115 34 45
115 34 35
115 35 44
115 35 45
115 35 34
