74 31 72
74 31 35
74 31 25
74 72 35
74 72 31
74 72 25
74 35 31
74 35 72
74 35 25
74 25 31
74 25 72
74 25 35
74 27 20
74 27 53
74 27 36
74 20 53
74 20 27
74 20 36
74 53 27
74 53 20
74 53 36
74 36 27
74 36 20
74 36 53
74 24 37
74 24 29
74 24 52
74 37 29
74 37 24
74 37 52
74 29 24
74 29 37
74 29 52
74 52 24
74 52 37
74 52 29
74 29 45
74 29 42
74 29 65
74 45 42
74 45 29
74 45 65
74 42 29
74 42 45
74 42 65
74 65 29
74 65 45
74 65 42
74 47 61
74 47 51
74 47 34
74 61 51
74 61 47
74 61 34
74 51 47
74 51 61
74 51 34
74 34 47
74 34 61
74 34 51
