61 67 57
61 67 42
61 67 71
61 57 42
61 57 67
61 57 71
61 42 67
61 42 57
61 42 71
61 71 67
61 71 57
61 71 42
61 56 54
61 56 64
61 56 74
61 54 64
61 54 56
61 54 74
61 64 56
61 64 54
61 64 74
61 74 56
61 74 54
61 74 64
61 78 45
61 78 42
61 78 47
61 45 42
61 45 78
61 45 47
61 42 78
61 42 45
61 42 47
61 47 78
61 47 45
61 47 42
61 76 47
61 76 54
61 76 49
61 47 54
61 47 76
61 47 49
61 54 76
61 54 47
61 54 49
61 49 76
61 49 47
61 49 54
61 69 50
61 69 45
61 69 51
61 50 45
61 50 69
61 50 51
61 45 69
61 45 50
61 45 51
61 51 69
61 51 50
61 51 45
