80 127 47
80 127 49
80 127 77
80 47 49
80 47 127
80 47 77
80 49 127
80 49 47
80 49 77
80 77 127
80 77 47
80 77 49
80 134 42
80 134 34
80 134 72
80 42 34
80 42 134
80 42 72
80 34 134
80 34 42
80 34 72
80 72 134
80 72 42
80 72 34
80 161 44
80 161 57
80 161 63
80 44 57
80 44 161
80 44 63
80 57 161
80 57 44
80 57 63
80 63 161
80 63 44
80 63 57
80 121 51
80 121 58
80 121 60
80 51 58
80 51 121
80 51 60
80 58 121
80 58 51
80 58 60
80 60 121
80 60 51
80 60 58
80 165 46
80 165 55
80 165 66
80 46 55
80 46 165
80 46 66
80 55 165
80 55 46
80 55 66
80 66 165
80 66 46
80 66 55
