66 63 61
66 63 38
66 63 92
66 61 38
66 61 63
66 61 92
66 38 63
66 38 61
66 38 92
66 92 63
66 92 61
66 92 38
66 53 45
66 53 49
66 53 75
66 45 49
66 45 53
66 45 75
66 49 53
66 49 45
66 49 75
66 75 53
66 75 45
66 75 49
66 77 46
66 77 56
66 77 59
66 46 56
66 46 77
66 46 59
66 56 77
66 56 46
66 56 59
66 59 77
66 59 46
66 59 56
66 80 58
66 80 45
66 80 74
66 58 45
66 58 80
66 58 74
66 45 80
66 45 58
66 45 74
66 74 80
66 74 58
66 74 45
66 53 58
66 53 48
66 53 83
66 58 48
66 58 53
66 58 83
66 48 53
66 48 58
66 48 83
66 83 53
66 83 58
66 83 48
