75 538 206
75 538 222
75 538 209
75 206 222
75 206 538
75 206 209
75 222 538
75 222 206
75 222 209
75 209 538
75 209 206
75 209 222
75 546 198
75 546 197
75 546 222
75 198 197
75 198 546
75 198 222
75 197 546
75 197 198
75 197 222
75 222 546
75 222 198
75 222 197
75 527 249
75 527 239
75 527 234
75 249 239
75 249 527
75 249 234
75 239 527
75 239 249
75 239 234
75 234 527
75 234 249
75 234 239
75 431 251
75 431 230
75 431 233
75 251 230
75 251 431
75 251 233
75 230 431
75 230 251
75 230 233
75 233 431
75 233 251
75 233 230
75 600 222
75 600 204
75 600 281
75 222 204
75 222 600
75 222 281
75 204 600
75 204 222
75 204 281
75 281 600
75 281 222
75 281 204
