140 100 21
140 100 30
140 100 39
140 21 30
140 21 100
140 21 39
140 30 100
140 30 21
140 30 39
140 39 100
140 39 21
140 39 30
140 70 57
140 70 58
140 70 65
140 57 58
140 57 70
140 57 65
140 58 70
140 58 57
140 58 65
140 65 70
140 65 57
140 65 58
140 40 26
140 40 32
140 40 48
140 26 32
140 26 40
140 26 48
140 32 40
140 32 26
140 32 48
140 48 40
140 48 26
140 48 32
140 66 31
140 66 18
140 66 20
140 31 18
140 31 66
140 31 20
140 18 66
140 18 31
140 18 20
140 20 66
140 20 31
140 20 18
140 13 26
140 13 17
140 13 13
140 26 17
140 26 13
140 26 13
140 17 13
140 17 26
140 17 13
140 13 13
140 13 26
140 13 17
