119 76 109
119 76 111
119 76 99
119 109 111
119 109 76
119 109 99
119 111 76
119 111 109
119 111 99
119 99 76
119 99 109
119 99 111
119 73 105
119 73 114
119 73 122
119 105 114
119 105 73
119 105 122
119 114 73
119 114 105
119 114 122
119 122 73
119 122 105
119 122 114
119 86 120
119 86 106
119 86 113
119 120 106
119 120 86
119 120 113
119 106 86
119 106 120
119 106 113
119 113 86
119 113 120
119 113 106
119 77 93
119 77 120
119 77 117
119 93 120
119 93 77
119 93 117
119 120 77
119 120 93
119 120 117
119 117 77
119 117 93
119 117 120
119 95 100
119 95 152
119 95 99
119 100 152
119 100 95
119 100 99
119 152 95
119 152 100
119 152 99
119 99 95
119 99 100
119 99 152
