109 106 207
109 106 226
109 106 257
109 207 226
109 207 106
109 207 257
109 226 106
109 226 207
109 226 257
109 257 106
109 257 207
109 257 226
109 89 256
109 89 214
109 89 231
109 256 214
109 256 89
109 256 231
109 214 89
109 214 256
109 214 231
109 231 89
109 231 256
109 231 214
109 121 193
109 121 205
109 121 234
109 193 205
109 193 121
109 193 234
109 205 121
109 205 193
109 205 234
109 234 121
109 234 193
109 234 205
109 78 171
109 78 156
109 78 170
109 171 156
109 171 78
109 171 170
109 156 78
109 156 171
109 156 170
109 170 78
109 170 171
109 170 156
109 103 121
109 103 142
109 103 123
109 121 142
109 121 103
109 121 123
109 142 103
109 142 121
109 142 123
109 123 103
109 123 121
109 123 142
