93 509 225
93 509 219
93 509 217
93 225 219
93 225 509
93 225 217
93 219 509
93 219 225
93 219 217
93 217 509
93 217 225
93 217 219
93 677 199
93 677 200
93 677 221
93 199 200
93 199 677
93 199 221
93 200 677
93 200 199
93 200 221
93 221 677
93 221 199
93 221 200
93 766 260
93 766 194
93 766 298
93 260 194
93 260 766
93 260 298
93 194 766
93 194 260
93 194 298
93 298 766
93 298 260
93 298 194
93 717 265
93 717 278
93 717 232
93 265 278
93 265 717
93 265 232
93 278 717
93 278 265
93 278 232
93 232 717
93 232 265
93 232 278
93 660 249
93 660 205
93 660 236
93 249 205
93 249 660
93 249 236
93 205 660
93 205 249
93 205 236
93 236 660
93 236 249
93 236 205
