40 21 27
40 21 36
40 21 37
40 27 36
40 27 21
40 27 37
40 36 21
40 36 27
40 36 37
40 37 21
40 37 27
40 37 36
40 30 23
40 30 28
40 30 22
40 23 28
40 23 30
40 23 22
40 28 30
40 28 23
40 28 22
40 22 30
40 22 23
40 22 28
40 31 40
40 31 49
40 31 42
40 40 49
40 40 31
40 40 42
40 49 31
40 49 40
40 49 42
40 42 31
40 42 40
40 42 49
40 28 59
40 28 68
40 28 87
40 59 68
40 59 28
40 59 87
40 68 28
40 68 59
40 68 87
40 87 28
40 87 59
40 87 68
40 53 94
40 53 84
40 53 78
40 94 84
40 94 53
40 94 78
40 84 53
40 84 94
40 84 78
40 78 53
40 78 94
40 78 84
