101 669 344
101 669 302
101 669 300
101 344 302
101 344 669
101 344 300
101 302 669
101 302 344
101 302 300
101 300 669
101 300 344
101 300 302
101 574 319
101 574 303
101 574 343
101 319 303
101 319 574
101 319 343
101 303 574
101 303 319
101 303 343
101 343 574
101 343 319
101 343 303
101 502 284
101 502 328
101 502 303
101 284 328
101 284 502
101 284 303
101 328 502
101 328 284
101 328 303
101 303 502
101 303 284
101 303 328
101 620 400
101 620 379
101 620 358
101 400 379
101 400 620
101 400 358
101 379 620
101 379 400
101 379 358
101 358 620
101 358 400
101 358 379
101 606 516
101 606 460
101 606 475
101 516 460
101 516 606
101 516 475
101 460 606
101 460 516
101 460 475
101 475 606
101 475 516
101 475 460
