40 15 55
40 15 59
40 15 63
40 55 59
40 55 15
40 55 63
40 59 15
40 59 55
40 59 63
40 63 15
40 63 55
40 63 59
40 9 36
40 9 36
40 9 40
40 36 36
40 36 9
40 36 40
40 36 9
40 36 36
40 36 40
40 40 9
40 40 36
40 40 36
40 15 57
40 15 45
40 15 56
40 57 45
40 57 15
40 57 56
40 45 15
40 45 57
40 45 56
40 56 15
40 56 57
40 56 45
40 22 92
40 22 82
40 22 91
40 92 82
40 92 22
40 92 91
40 82 22
40 82 92
40 82 91
40 91 22
40 91 92
40 91 82
40 15 103
40 15 101
40 15 84
40 103 101
40 103 15
40 103 84
40 101 15
40 101 103
40 101 84
40 84 15
40 84 103
40 84 101
