72 249 91
72 249 110
72 249 158
72 91 110
72 91 249
72 91 158
72 110 249
72 110 91
72 110 158
72 158 249
72 158 91
72 158 110
72 314 124
72 314 140
72 314 127
72 124 140
72 124 314
72 124 127
72 140 314
72 140 124
72 140 127
72 127 314
72 127 124
72 127 140
72 286 112
72 286 97
72 286 138
72 112 97
72 112 286
72 112 138
72 97 286
72 97 112
72 97 138
72 138 286
72 138 112
72 138 97
72 452 123
72 452 128
72 452 187
72 123 128
72 123 452
72 123 187
72 128 452
72 128 123
72 128 187
72 187 452
72 187 123
72 187 128
72 258 98
72 258 113
72 258 172
72 98 113
72 98 258
72 98 172
72 113 258
72 113 98
72 113 172
72 172 258
72 172 98
72 172 113
