79 593 294
79 593 294
79 593 319
79 294 294
79 294 593
79 294 319
79 294 593
79 294 294
79 294 319
79 319 593
79 319 294
79 319 294
79 593 239
79 593 307
79 593 368
79 239 307
79 239 593
79 239 368
79 307 593
79 307 239
79 307 368
79 368 593
79 368 239
79 368 307
79 492 251
79 492 337
79 492 346
79 251 337
79 251 492
79 251 346
79 337 492
79 337 251
79 337 346
79 346 492
79 346 251
79 346 337
79 555 259
79 555 286
79 555 322
79 259 286
79 259 555
79 259 322
79 286 555
79 286 259
79 286 322
79 322 555
79 322 259
79 322 286
79 481 284
79 481 287
79 481 336
79 284 287
79 284 481
79 284 336
79 287 481
79 287 284
79 287 336
79 336 481
79 336 284
79 336 287
