54 30 71
54 30 97
54 30 79
54 71 97
54 71 30
54 71 79
54 97 30
54 97 71
54 97 79
54 79 30
54 79 71
54 79 97
54 52 71
54 52 72
54 52 85
54 71 72
54 71 52
54 71 85
54 72 52
54 72 71
54 72 85
54 85 52
54 85 71
54 85 72
54 58 46
54 58 53
54 58 47
54 46 53
54 46 58
54 46 47
54 53 58
54 53 46
54 53 47
54 47 58
54 47 46
54 47 53
54 29 48
54 29 42
54 29 40
54 48 42
54 48 29
54 48 40
54 42 29
54 42 48
54 42 40
54 40 29
54 40 48
54 40 42
54 39 70
54 39 67
54 39 71
54 70 67
54 70 39
54 70 71
54 67 39
54 67 70
54 67 71
54 71 39
54 71 70
54 71 67
