91 112 72
91 112 56
91 112 59
91 72 56
91 72 112
91 72 59
91 56 112
91 56 72
91 56 59
91 59 112
91 59 72
91 59 56
91 123 64
91 123 56
91 123 60
91 64 56
91 64 123
91 64 60
91 56 123
91 56 64
91 56 60
91 60 123
91 60 64
91 60 56
91 131 51
91 131 63
91 131 75
91 51 63
91 51 131
91 51 75
91 63 131
91 63 51
91 63 75
91 75 131
91 75 51
91 75 63
91 128 59
91 128 62
91 128 71
91 59 62
91 59 128
91 59 71
91 62 128
91 62 59
91 62 71
91 71 128
91 71 59
91 71 62
91 106 47
91 106 55
91 106 74
91 47 55
91 47 106
91 47 74
91 55 106
91 55 47
91 55 74
91 74 106
91 74 47
91 74 55
