116 288 219
116 288 202
116 288 264
116 219 202
116 219 288
116 219 264
116 202 288
116 202 219
116 202 264
116 264 288
116 264 219
116 264 202
116 434 255
116 434 244
116 434 253
116 255 244
116 255 434
116 255 253
116 244 434
116 244 255
116 244 253
116 253 434
116 253 255
116 253 244
116 301 217
116 301 135
116 301 219
116 217 135
116 217 301
116 217 219
116 135 301
116 135 217
116 135 219
116 219 301
116 219 217
116 219 135
116 340 128
116 340 163
116 340 143
116 128 163
116 128 340
116 128 143
116 163 340
116 163 128
116 163 143
116 143 340
116 143 128
116 143 163
116 278 143
116 278 214
116 278 179
116 143 214
116 143 278
116 143 179
116 214 278
116 214 143
116 214 179
116 179 278
116 179 143
116 179 214
