124 185 197
124 185 171
124 185 196
124 197 171
124 197 185
124 197 196
124 171 185
124 171 197
124 171 196
124 196 185
124 196 197
124 196 171
124 194 191
124 194 170
124 194 166
124 191 170
124 191 194
124 191 166
124 170 194
124 170 191
124 170 166
124 166 194
124 166 191
124 166 170
124 155 162
124 155 165
124 155 159
124 162 165
124 162 155
124 162 159
124 165 155
124 165 162
124 165 159
124 159 155
124 159 162
124 159 165
124 197 163
124 197 178
124 197 177
124 163 178
124 163 197
124 163 177
124 178 197
124 178 163
124 178 177
124 177 197
124 177 163
124 177 178
124 147 163
124 147 177
124 147 182
124 163 177
124 163 147
124 163 182
124 177 147
124 177 163
124 177 182
124 182 147
124 182 163
124 182 177
