138 19 18
138 19 28
138 19 29
138 18 28
138 18 19
138 18 29
138 28 19
138 28 18
138 28 29
138 29 19
138 29 18
138 29 28
138 41 31
138 41 33
138 41 34
138 31 33
138 31 41
138 31 34
138 33 41
138 33 31
138 33 34
138 34 41
138 34 31
138 34 33
138 19 4
138 19 13
138 19 22
138 4 13
138 4 19
138 4 22
138 13 19
138 13 4
138 13 22
138 22 19
138 22 4
138 22 13
138 10 4
138 10 6
138 10 15
138 4 6
138 4 10
138 4 15
138 6 10
138 6 4
138 6 15
138 15 10
138 15 4
138 15 6
138 4 3
138 4 8
138 4 4
138 3 8
138 3 4
138 3 4
138 8 4
138 8 3
138 8 4
138 4 4
138 4 3
138 4 8
