68 70 39
68 70 28
68 70 71
68 39 28
68 39 70
68 39 71
68 28 70
68 28 39
68 28 71
68 71 70
68 71 39
68 71 28
68 49 34
68 49 48
68 49 43
68 34 48
68 34 49
68 34 43
68 48 49
68 48 34
68 48 43
68 43 49
68 43 34
68 43 48
68 67 27
68 67 31
68 67 59
68 27 31
68 27 67
68 27 59
68 31 67
68 31 27
68 31 59
68 59 67
68 59 27
68 59 31
68 60 44
68 60 46
68 60 45
68 44 46
68 44 60
68 44 45
68 46 60
68 46 44
68 46 45
68 45 60
68 45 44
68 45 46
68 85 28
68 85 32
68 85 36
68 28 32
68 28 85
68 28 36
68 32 85
68 32 28
68 32 36
68 36 85
68 36 28
68 36 32
