83 174 90
83 174 102
83 174 93
83 90 102
83 90 174
83 90 93
83 102 174
83 102 90
83 102 93
83 93 174
83 93 90
83 93 102
83 113 84
83 113 60
83 113 96
83 84 60
83 84 113
83 84 96
83 60 113
83 60 84
83 60 96
83 96 113
83 96 84
83 96 60
83 128 111
83 128 67
83 128 99
83 111 67
83 111 128
83 111 99
83 67 128
83 67 111
83 67 99
83 99 128
83 99 111
83 99 67
83 125 78
83 125 92
83 125 82
83 78 92
83 78 125
83 78 82
83 92 125
83 92 78
83 92 82
83 82 125
83 82 78
83 82 92
83 152 72
83 152 78
83 152 85
83 72 78
83 72 152
83 72 85
83 78 152
83 78 72
83 78 85
83 85 152
83 85 72
83 85 78
