118 66 47
118 66 53
118 66 51
118 47 53
118 47 66
118 47 51
118 53 66
118 53 47
118 53 51
118 51 66
118 51 47
118 51 53
118 59 62
118 59 56
118 59 63
118 62 56
118 62 59
118 62 63
118 56 59
118 56 62
118 56 63
118 63 59
118 63 62
118 63 56
118 55 47
118 55 42
118 55 60
118 47 42
118 47 55
118 47 60
118 42 55
118 42 47
118 42 60
118 60 55
118 60 47
118 60 42
118 55 55
118 55 40
118 55 43
118 55 40
118 55 55
118 55 43
118 40 55
118 40 55
118 40 43
118 43 55
118 43 55
118 43 40
118 74 40
118 74 33
118 74 54
118 40 33
118 40 74
118 40 54
118 33 74
118 33 40
118 33 54
118 54 74
118 54 40
118 54 33
