100 187 99
100 187 94
100 187 104
100 99 94
100 99 187
100 99 104
100 94 187
100 94 99
100 94 104
100 104 187
100 104 99
100 104 94
100 245 81
100 245 91
100 245 130
100 81 91
100 81 245
100 81 130
100 91 245
100 91 81
100 91 130
100 130 245
100 130 81
100 130 91
100 256 114
100 256 110
100 256 135
100 114 110
100 114 256
100 114 135
100 110 256
100 110 114
100 110 135
100 135 256
100 135 114
100 135 110
100 161 131
100 161 134
100 161 137
100 131 134
100 131 161
100 131 137
100 134 161
100 134 131
100 134 137
100 137 161
100 137 131
100 137 134
100 229 115
100 229 82
100 229 134
100 115 82
100 115 229
100 115 134
100 82 229
100 82 115
100 82 134
100 134 229
100 134 115
100 134 82
