47 17 142
47 17 150
47 17 152
47 142 150
47 142 17
47 142 152
47 150 17
47 150 142
47 150 152
47 152 17
47 152 142
47 152 150
47 12 39
47 12 47
47 12 47
47 39 47
47 39 12
47 39 47
47 47 12
47 47 39
47 47 47
47 47 12
47 47 39
47 47 47
47 40 86
47 40 70
47 40 63
47 86 70
47 86 40
47 86 63
47 70 40
47 70 86
47 70 63
47 63 40
47 63 86
47 63 70
47 16 83
47 16 78
47 16 73
47 83 78
47 83 16
47 83 73
47 78 16
47 78 83
47 78 73
47 73 16
47 73 83
47 73 78
47 9 85
47 9 95
47 9 87
47 85 95
47 85 9
47 85 87
47 95 9
47 95 85
47 95 87
47 87 9
47 87 85
47 87 95
