87 291 81
87 291 86
87 291 85
87 81 86
87 81 291
87 81 85
87 86 291
87 86 81
87 86 85
87 85 291
87 85 81
87 85 86
87 222 118
87 222 72
87 222 91
87 118 72
87 118 222
87 118 91
87 72 222
87 72 118
87 72 91
87 91 222
87 91 118
87 91 72
87 239 70
87 239 86
87 239 82
87 70 86
87 70 239
87 70 82
87 86 239
87 86 70
87 86 82
87 82 239
87 82 70
87 82 86
87 244 76
87 244 103
87 244 102
87 76 103
87 76 244
87 76 102
87 103 244
87 103 76
87 103 102
87 102 244
87 102 76
87 102 103
87 238 80
87 238 77
87 238 96
87 80 77
87 80 238
87 80 96
87 77 238
87 77 80
87 77 96
87 96 238
87 96 80
87 96 77
