119 113 111
119 113 116
119 113 171
119 111 116
119 111 113
119 111 171
119 116 113
119 116 111
119 116 171
119 171 113
119 171 111
119 171 116
119 138 95
119 138 82
119 138 103
119 95 82
119 95 138
119 95 103
119 82 138
119 82 95
119 82 103
119 103 138
119 103 95
119 103 82
119 156 90
119 156 80
119 156 112
119 90 80
119 90 156
119 90 112
119 80 156
119 80 90
119 80 112
119 112 156
119 112 90
119 112 80
119 137 93
119 137 92
119 137 78
119 93 92
119 93 137
119 93 78
119 92 137
119 92 93
119 92 78
119 78 137
119 78 93
119 78 92
119 178 65
119 178 92
119 178 96
119 65 92
119 65 178
119 65 96
119 92 178
119 92 65
119 92 96
119 96 178
119 96 65
119 96 92
