62 60 41
62 60 16
62 60 47
62 41 16
62 41 60
62 41 47
62 16 60
62 16 41
62 16 47
62 47 60
62 47 41
62 47 16
62 68 66
62 68 41
62 68 64
62 66 41
62 66 68
62 66 64
62 41 68
62 41 66
62 41 64
62 64 68
62 64 66
62 64 41
62 49 51
62 49 51
62 49 74
62 51 51
62 51 49
62 51 74
62 51 49
62 51 51
62 51 74
62 74 49
62 74 51
62 74 51
62 42 47
62 42 56
62 42 39
62 47 56
62 47 42
62 47 39
62 56 42
62 56 47
62 56 39
62 39 42
62 39 47
62 39 56
62 84 46
62 84 77
62 84 56
62 46 77
62 46 84
62 46 56
62 77 84
62 77 46
62 77 56
62 56 84
62 56 46
62 56 77
