68 454 222
68 454 164
68 454 231
68 222 164
68 222 454
68 222 231
68 164 454
68 164 222
68 164 231
68 231 454
68 231 222
68 231 164
68 435 151
68 435 189
68 435 312
68 151 189
68 151 435
68 151 312
68 189 435
68 189 151
68 189 312
68 312 435
68 312 151
68 312 189
68 424 177
68 424 176
68 424 264
68 177 176
68 177 424
68 177 264
68 176 424
68 176 177
68 176 264
68 264 424
68 264 177
68 264 176
68 528 169
68 528 197
68 528 240
68 169 197
68 169 528
68 169 240
68 197 528
68 197 169
68 197 240
68 240 528
68 240 169
68 240 197
68 414 244
68 414 161
68 414 226
68 244 161
68 244 414
68 244 226
68 161 414
68 161 244
68 161 226
68 226 414
68 226 244
68 226 161
