97 249 80
97 249 87
97 249 83
97 80 87
97 80 249
97 80 83
97 87 249
97 87 80
97 87 83
97 83 249
97 83 80
97 83 87
97 211 111
97 211 83
97 211 127
97 111 83
97 111 211
97 111 127
97 83 211
97 83 111
97 83 127
97 127 211
97 127 111
97 127 83
97 229 102
97 229 96
97 229 119
97 102 96
97 102 229
97 102 119
97 96 229
97 96 102
97 96 119
97 119 229
97 119 102
97 119 96
97 245 81
97 245 91
97 245 130
97 81 91
97 81 245
97 81 130
97 91 245
97 91 81
97 91 130
97 130 245
97 130 81
97 130 91
97 187 99
97 187 94
97 187 104
97 99 94
97 99 187
97 99 104
97 94 187
97 94 99
97 94 104
97 104 187
97 104 99
97 104 94
