116 35 26
116 35 38
116 35 37
116 26 38
116 26 35
116 26 37
116 38 35
116 38 26
116 38 37
116 37 35
116 37 26
116 37 38
116 30 41
116 30 44
116 30 79
116 41 44
116 41 30
116 41 79
116 44 30
116 44 41
116 44 79
116 79 30
116 79 41
116 79 44
116 26 42
116 26 43
116 26 26
116 42 43
116 42 26
116 42 26
116 43 26
116 43 42
116 43 26
116 26 26
116 26 42
116 26 43
116 29 29
116 29 54
116 29 23
116 29 54
116 29 29
116 29 23
116 54 29
116 54 29
116 54 23
116 23 29
116 23 29
116 23 54
116 19 30
116 19 47
116 19 27
116 30 47
116 30 19
116 30 27
116 47 19
116 47 30
116 47 27
116 27 19
116 27 30
116 27 47
