128 122 82
128 122 120
128 122 119
128 82 120
128 82 122
128 82 119
128 120 122
128 120 82
128 120 119
128 119 122
128 119 82
128 119 120
128 155 105
128 155 117
128 155 132
128 105 117
128 105 155
128 105 132
128 117 155
128 117 105
128 117 132
128 132 155
128 132 105
128 132 117
128 109 104
128 109 83
128 109 90
128 104 83
128 104 109
128 104 90
128 83 109
128 83 104
128 83 90
128 90 109
128 90 104
128 90 83
128 118 95
128 118 79
128 118 108
128 95 79
128 95 118
128 95 108
128 79 118
128 79 95
128 79 108
128 108 118
128 108 95
128 108 79
128 99 67
128 99 87
128 99 78
128 67 87
128 67 99
128 67 78
128 87 99
128 87 67
128 87 78
128 78 99
128 78 67
128 78 87
