88 74 84
88 74 58
88 74 88
88 84 58
88 84 74
88 84 88
88 58 74
88 58 84
88 58 88
88 88 74
88 88 84
88 88 58
88 81 58
88 81 68
88 81 60
88 58 68
88 58 81
88 58 60
88 68 81
88 68 58
88 68 60
88 60 81
88 60 58
88 60 68
88 90 80
88 90 57
88 90 68
88 80 57
88 80 90
88 80 68
88 57 90
88 57 80
88 57 68
88 68 90
88 68 80
88 68 57
88 68 64
88 68 65
88 68 73
88 64 65
88 64 68
88 64 73
88 65 68
88 65 64
88 65 73
88 73 68
88 73 64
88 73 65
88 83 72
88 83 67
88 83 51
88 72 67
88 72 83
88 72 51
88 67 83
88 67 72
88 67 51
88 51 83
88 51 72
88 51 67
