99 213 181
99 213 212
99 213 105
99 181 212
99 181 213
99 181 105
99 212 213
99 212 181
99 212 105
99 105 213
99 105 181
99 105 212
99 214 168
99 214 161
99 214 93
99 168 161
99 168 214
99 168 93
99 161 214
99 161 168
99 161 93
99 93 214
99 93 168
99 93 161
99 231 181
99 231 176
99 231 107
99 181 176
99 181 231
99 181 107
99 176 231
99 176 181
99 176 107
99 107 231
99 107 181
99 107 176
99 254 204
99 254 238
99 254 140
99 204 238
99 204 254
99 204 140
99 238 254
99 238 204
99 238 140
99 140 254
99 140 204
99 140 238
99 161 180
99 161 233
99 161 268
99 180 233
99 180 161
99 180 268
99 233 161
99 233 180
99 233 268
99 268 161
99 268 180
99 268 233
