85 154 110
85 154 89
85 154 124
85 110 89
85 110 154
85 110 124
85 89 154
85 89 110
85 89 124
85 124 154
85 124 110
85 124 89
85 138 104
85 138 131
85 138 127
85 104 131
85 104 138
85 104 127
85 131 138
85 131 104
85 131 127
85 127 138
85 127 104
85 127 131
85 140 108
85 140 115
85 140 131
85 108 115
85 108 140
85 108 131
85 115 140
85 115 108
85 115 131
85 131 140
85 131 108
85 131 115
85 188 122
85 188 106
85 188 110
85 122 106
85 122 188
85 122 110
85 106 188
85 106 122
85 106 110
85 110 188
85 110 122
85 110 106
85 138 124
85 138 85
85 138 118
85 124 85
85 124 138
85 124 118
85 85 138
85 85 124
85 85 118
85 118 138
85 118 124
85 118 85
