125 137 143
125 137 121
125 137 138
125 143 121
125 143 137
125 143 138
125 121 137
125 121 143
125 121 138
125 138 137
125 138 143
125 138 121
125 109 128
125 109 122
125 109 131
125 128 122
125 128 109
125 128 131
125 122 109
125 122 128
125 122 131
125 131 109
125 131 128
125 131 122
125 119 121
125 119 132
125 119 139
125 121 132
125 121 119
125 121 139
125 132 119
125 132 121
125 132 139
125 139 119
125 139 121
125 139 132
125 132 109
125 132 143
125 132 147
125 109 143
125 109 132
125 109 147
125 143 132
125 143 109
125 143 147
125 147 132
125 147 109
125 147 143
125 139 134
125 139 142
125 139 143
125 134 142
125 134 139
125 134 143
125 142 139
125 142 134
125 142 143
125 143 139
125 143 134
125 143 142
