109 595 278
109 595 240
109 595 282
109 278 240
109 278 595
109 278 282
109 240 595
109 240 278
109 240 282
109 282 595
109 282 278
109 282 240
109 756 266
109 756 267
109 756 261
109 266 267
109 266 756
109 266 261
109 267 756
109 267 266
109 267 261
109 261 756
109 261 266
109 261 267
109 669 230
109 669 240
109 669 275
109 230 240
109 230 669
109 230 275
109 240 669
109 240 230
109 240 275
109 275 669
109 275 230
109 275 240
109 605 228
109 605 237
109 605 247
109 228 237
109 228 605
109 228 247
109 237 605
109 237 228
109 237 247
109 247 605
109 247 228
109 247 237
109 540 190
109 540 220
109 540 226
109 190 220
109 190 540
109 190 226
109 220 540
109 220 190
109 220 226
109 226 540
109 226 190
109 226 220
