62 42 81
62 42 67
62 42 81
62 81 67
62 81 42
62 81 81
62 67 42
62 67 81
62 67 81
62 81 42
62 81 81
62 81 67
62 67 109
62 67 90
62 67 97
62 109 90
62 109 67
62 109 97
62 90 67
62 90 109
62 90 97
62 97 67
62 97 109
62 97 90
62 88 86
62 88 83
62 88 101
62 86 83
62 86 88
62 86 101
62 83 88
62 83 86
62 83 101
62 101 88
62 101 86
62 101 83
62 89 87
62 89 67
62 89 64
62 87 67
62 87 89
62 87 64
62 67 89
62 67 87
62 67 64
62 64 89
62 64 87
62 64 67
62 99 92
62 99 70
62 99 76
62 92 70
62 92 99
62 92 76
62 70 99
62 70 92
62 70 76
62 76 99
62 76 92
62 76 70
