130 165 163
130 165 104
130 165 116
130 163 104
130 163 165
130 163 116
130 104 165
130 104 163
130 104 116
130 116 165
130 116 163
130 116 104
130 178 136
130 178 181
130 178 135
130 136 181
130 136 178
130 136 135
130 181 178
130 181 136
130 181 135
130 135 178
130 135 136
130 135 181
130 110 139
130 110 125
130 110 157
130 139 125
130 139 110
130 139 157
130 125 110
130 125 139
130 125 157
130 157 110
130 157 139
130 157 125
130 80 104
130 80 92
130 80 137
130 104 92
130 104 80
130 104 137
130 92 80
130 92 104
130 92 137
130 137 80
130 137 104
130 137 92
130 164 111
130 164 94
130 164 139
130 111 94
130 111 164
130 111 139
130 94 164
130 94 111
130 94 139
130 139 164
130 139 111
130 139 94
