87 124 85
87 124 83
87 124 61
87 85 83
87 85 124
87 85 61
87 83 124
87 83 85
87 83 61
87 61 124
87 61 85
87 61 83
87 119 81
87 119 86
87 119 60
87 81 86
87 81 119
87 81 60
87 86 119
87 86 81
87 86 60
87 60 119
87 60 81
87 60 86
87 99 68
87 99 58
87 99 37
87 68 58
87 68 99
87 68 37
87 58 99
87 58 68
87 58 37
87 37 99
87 37 68
87 37 58
87 119 76
87 119 74
87 119 59
87 76 74
87 76 119
87 76 59
87 74 119
87 74 76
87 74 59
87 59 119
87 59 76
87 59 74
87 111 49
87 111 64
87 111 47
87 49 64
87 49 111
87 49 47
87 64 111
87 64 49
87 64 47
87 47 111
87 47 49
87 47 64
