56 12 46
56 12 48
56 12 36
56 46 48
56 46 12
56 46 36
56 48 12
56 48 46
56 48 36
56 36 12
56 36 46
56 36 48
56 17 29
56 17 30
56 17 28
56 29 30
56 29 17
56 29 28
56 30 17
56 30 29
56 30 28
56 28 17
56 28 29
56 28 30
56 27 38
56 27 47
56 27 64
56 38 47
56 38 27
56 38 64
56 47 27
56 47 38
56 47 64
56 64 27
56 64 38
56 64 47
56 28 41
56 28 44
56 28 73
56 41 44
56 41 28
56 41 73
56 44 28
56 44 41
56 44 73
56 73 28
56 73 41
56 73 44
56 20 83
56 20 58
56 20 66
56 83 58
56 83 20
56 83 66
56 58 20
56 58 83
56 58 66
56 66 20
56 66 83
56 66 58
