125 60 57
125 60 73
125 60 110
125 57 73
125 57 60
125 57 110
125 73 60
125 73 57
125 73 110
125 110 60
125 110 57
125 110 73
125 67 93
125 67 105
125 67 79
125 93 105
125 93 67
125 93 79
125 105 67
125 105 93
125 105 79
125 79 67
125 79 93
125 79 105
125 71 69
125 71 74
125 71 79
125 69 74
125 69 71
125 69 79
125 74 71
125 74 69
125 74 79
125 79 71
125 79 69
125 79 74
125 87 78
125 87 59
125 87 52
125 78 59
125 78 87
125 78 52
125 59 87
125 59 78
125 59 52
125 52 87
125 52 78
125 52 59
125 57 64
125 57 67
125 57 87
125 64 67
125 64 57
125 64 87
125 67 57
125 67 64
125 67 87
125 87 57
125 87 64
125 87 67
