111 49 124
111 49 180
111 49 95
111 124 180
111 124 49
111 124 95
111 180 49
111 180 124
111 180 95
111 95 49
111 95 124
111 95 180
111 79 162
111 79 94
111 79 100
111 162 94
111 162 79
111 162 100
111 94 79
111 94 162
111 94 100
111 100 79
111 100 162
111 100 94
111 97 94
111 97 111
111 97 170
111 94 111
111 94 97
111 94 170
111 111 97
111 111 94
111 111 170
111 170 97
111 170 94
111 170 111
111 60 202
111 60 121
111 60 81
111 202 121
111 202 60
111 202 81
111 121 60
111 121 202
111 121 81
111 81 60
111 81 202
111 81 121
111 48 102
111 48 115
111 48 125
111 102 115
111 102 48
111 102 125
111 115 48
111 115 102
111 115 125
111 125 48
111 125 102
111 125 115
