119 158 153
119 158 202
119 158 197
119 153 202
119 153 158
119 153 197
119 202 158
119 202 153
119 202 197
119 197 158
119 197 153
119 197 202
119 190 244
119 190 185
119 190 177
119 244 185
119 244 190
119 244 177
119 185 190
119 185 244
119 185 177
119 177 190
119 177 244
119 177 185
119 165 159
119 165 146
119 165 152
119 159 146
119 159 165
119 159 152
119 146 165
119 146 159
119 146 152
119 152 165
119 152 159
119 152 146
119 154 151
119 154 132
119 154 149
119 151 132
119 151 154
119 151 149
119 132 154
119 132 151
119 132 149
119 149 154
119 149 151
119 149 132
119 173 137
119 173 143
119 173 167
119 137 143
119 137 173
119 137 167
119 143 173
119 143 137
119 143 167
119 167 173
119 167 137
119 167 143
