84 71 49
84 71 52
84 71 58
84 49 52
84 49 71
84 49 58
84 52 71
84 52 49
84 52 58
84 58 71
84 58 49
84 58 52
84 89 72
84 89 48
84 89 53
84 72 48
84 72 89
84 72 53
84 48 89
84 48 72
84 48 53
84 53 89
84 53 72
84 53 48
84 75 52
84 75 51
84 75 70
84 52 51
84 52 75
84 52 70
84 51 75
84 51 52
84 51 70
84 70 75
84 70 52
84 70 51
84 68 82
84 68 48
84 68 45
84 82 48
84 82 68
84 82 45
84 48 68
84 48 82
84 48 45
84 45 68
84 45 82
84 45 48
84 88 50
84 88 60
84 88 44
84 50 60
84 50 88
84 50 44
84 60 88
84 60 50
84 60 44
84 44 88
84 44 50
84 44 60
