113 201 271
113 201 283
113 201 286
113 271 283
113 271 201
113 271 286
113 283 201
113 283 271
113 283 286
113 286 201
113 286 271
113 286 283
113 186 329
113 186 355
113 186 364
113 329 355
113 329 186
113 329 364
113 355 186
113 355 329
113 355 364
113 364 186
113 364 329
113 364 355
113 157 261
113 157 268
113 157 272
113 261 268
113 261 157
113 261 272
113 268 157
113 268 261
113 268 272
113 272 157
113 272 261
113 272 268
113 153 243
113 153 227
113 153 208
113 243 227
113 243 153
113 243 208
113 227 153
113 227 243
113 227 208
113 208 153
113 208 243
113 208 227
113 149 160
113 149 204
113 149 202
113 160 204
113 160 149
113 160 202
113 204 149
113 204 160
113 204 202
113 202 149
113 202 160
113 202 204
