89 242 108
89 242 140
89 242 152
89 108 140
89 108 242
89 108 152
89 140 242
89 140 108
89 140 152
89 152 242
89 152 108
89 152 140
89 187 141
89 187 140
89 187 199
89 141 140
89 141 187
89 141 199
89 140 187
89 140 141
89 140 199
89 199 187
89 199 141
89 199 140
89 265 133
89 265 138
89 265 156
89 133 138
89 133 265
89 133 156
89 138 265
89 138 133
89 138 156
89 156 265
89 156 133
89 156 138
89 178 167
89 178 148
89 178 177
89 167 148
89 167 178
89 167 177
89 148 178
89 148 167
89 148 177
89 177 178
89 177 167
89 177 148
89 226 155
89 226 141
89 226 202
89 155 141
89 155 226
89 155 202
89 141 226
89 141 155
89 141 202
89 202 226
89 202 155
89 202 141
