90 53 63
90 53 76
90 53 72
90 63 76
90 63 53
90 63 72
90 76 53
90 76 63
90 76 72
90 72 53
90 72 63
90 72 76
90 86 58
90 86 65
90 86 43
90 58 65
90 58 86
90 58 43
90 65 86
90 65 58
90 65 43
90 43 86
90 43 58
90 43 65
90 128 71
90 128 68
90 128 74
90 71 68
90 71 128
90 71 74
90 68 128
90 68 71
90 68 74
90 74 128
90 74 71
90 74 68
90 87 73
90 87 67
90 87 73
90 73 67
90 73 87
90 73 73
90 67 87
90 67 73
90 67 73
90 73 87
90 73 73
90 73 67
90 105 58
90 105 51
90 105 82
90 58 51
90 58 105
90 58 82
90 51 105
90 51 58
90 51 82
90 82 105
90 82 58
90 82 51
