102 345 240
102 345 187
102 345 228
102 240 187
102 240 345
102 240 228
102 187 345
102 187 240
102 187 228
102 228 345
102 228 240
102 228 187
102 256 204
102 256 236
102 256 240
102 204 236
102 204 256
102 204 240
102 236 256
102 236 204
102 236 240
102 240 256
102 240 204
102 240 236
102 227 223
102 227 201
102 227 235
102 223 201
102 223 227
102 223 235
102 201 227
102 201 223
102 201 235
102 235 227
102 235 223
102 235 201
102 266 266
102 266 248
102 266 279
102 266 248
102 266 266
102 266 279
102 248 266
102 248 266
102 248 279
102 279 266
102 279 266
102 279 248
102 267 242
102 267 241
102 267 226
102 242 241
102 242 267
102 242 226
102 241 267
102 241 242
102 241 226
102 226 267
102 226 242
102 226 241
