65 59 65
65 59 78
65 59 60
65 65 78
65 65 59
65 65 60
65 78 59
65 78 65
65 78 60
65 60 59
65 60 65
65 60 78
65 64 70
65 64 47
65 64 65
65 70 47
65 70 64
65 70 65
65 47 64
65 47 70
65 47 65
65 65 64
65 65 70
65 65 47
65 78 86
65 78 86
65 78 82
65 86 86
65 86 78
65 86 82
65 86 78
65 86 86
65 86 82
65 82 78
65 82 86
65 82 86
65 71 47
65 71 58
65 71 78
65 47 58
65 47 71
65 47 78
65 58 71
65 58 47
65 58 78
65 78 71
65 78 47
65 78 58
65 73 68
65 73 50
65 73 84
65 68 50
65 68 73
65 68 84
65 50 73
65 50 68
65 50 84
65 84 73
65 84 68
65 84 50
