65 95 60
65 95 44
65 95 77
65 60 44
65 60 95
65 60 77
65 44 95
65 44 60
65 44 77
65 77 95
65 77 60
65 77 44
65 103 43
65 103 47
65 103 53
65 43 47
65 43 103
65 43 53
65 47 103
65 47 43
65 47 53
65 53 103
65 53 43
65 53 47
65 84 53
65 84 62
65 84 66
65 53 62
65 53 84
65 53 66
65 62 84
65 62 53
65 62 66
65 66 84
65 66 53
65 66 62
65 89 40
65 89 40
65 89 53
65 40 40
65 40 89
65 40 53
65 40 89
65 40 40
65 40 53
65 53 89
65 53 40
65 53 40
65 111 39
65 111 45
65 111 57
65 39 45
65 39 111
65 39 57
65 45 111
65 45 39
65 45 57
65 57 111
65 57 39
65 57 45
