93 431 175
93 431 172
93 431 218
93 175 172
93 175 431
93 175 218
93 172 431
93 172 175
93 172 218
93 218 431
93 218 175
93 218 172
93 478 226
93 478 237
93 478 220
93 226 237
93 226 478
93 226 220
93 237 478
93 237 226
93 237 220
93 220 478
93 220 226
93 220 237
93 408 204
93 408 171
93 408 250
93 204 171
93 204 408
93 204 250
93 171 408
93 171 204
93 171 250
93 250 408
93 250 204
93 250 171
93 416 198
93 416 222
93 416 255
93 198 222
93 198 416
93 198 255
93 222 416
93 222 198
93 222 255
93 255 416
93 255 198
93 255 222
93 436 204
93 436 172
93 436 251
93 204 172
93 204 436
93 204 251
93 172 436
93 172 204
93 172 251
93 251 436
93 251 204
93 251 172
