97 203 166
97 203 141
97 203 133
97 166 141
97 166 203
97 166 133
97 141 203
97 141 166
97 141 133
97 133 203
97 133 166
97 133 141
97 205 146
97 205 104
97 205 147
97 146 104
97 146 205
97 146 147
97 104 205
97 104 146
97 104 147
97 147 205
97 147 146
97 147 104
97 167 138
97 167 146
97 167 199
97 138 146
97 138 167
97 138 199
97 146 167
97 146 138
97 146 199
97 199 167
97 199 138
97 199 146
97 240 149
97 240 113
97 240 151
97 149 113
97 149 240
97 149 151
97 113 240
97 113 149
97 113 151
97 151 240
97 151 149
97 151 113
97 204 144
97 204 152
97 204 165
97 144 152
97 144 204
97 144 165
97 152 204
97 152 144
97 152 165
97 165 204
97 165 144
97 165 152
