99 161 64
99 161 52
99 161 79
99 64 52
99 64 161
99 64 79
99 52 161
99 52 64
99 52 79
99 79 161
99 79 64
99 79 52
99 172 50
99 172 50
99 172 73
99 50 50
99 50 172
99 50 73
99 50 172
99 50 50
99 50 73
99 73 172
99 73 50
99 73 50
99 115 54
99 115 49
99 115 83
99 54 49
99 54 115
99 54 83
99 49 115
99 49 54
99 49 83
99 83 115
99 83 54
99 83 49
99 147 72
99 147 92
99 147 61
99 72 92
99 72 147
99 72 61
99 92 147
99 92 72
99 92 61
99 61 147
99 61 72
99 61 92
99 111 89
99 111 127
99 111 94
99 89 127
99 89 111
99 89 94
99 127 111
99 127 89
99 127 94
99 94 111
99 94 89
99 94 127
