88 146 34
88 146 33
88 146 63
88 34 33
88 34 146
88 34 63
88 33 146
88 33 34
88 33 63
88 63 146
88 63 34
88 63 33
88 127 45
88 127 45
88 127 55
88 45 45
88 45 127
88 45 55
88 45 127
88 45 45
88 45 55
88 55 127
88 55 45
88 55 45
88 104 27
88 104 54
88 104 54
88 27 54
88 27 104
88 27 54
88 54 104
88 54 27
88 54 54
88 54 104
88 54 27
88 54 54
88 95 49
88 95 46
88 95 70
88 49 46
88 49 95
88 49 70
88 46 95
88 46 49
88 46 70
88 70 95
88 70 49
88 70 46
88 117 38
88 117 48
88 117 56
88 38 48
88 38 117
88 38 56
88 48 117
88 48 38
88 48 56
88 56 117
88 56 38
88 56 48
