130 255 226
130 255 194
130 255 191
130 226 194
130 226 255
130 226 191
130 194 255
130 194 226
130 194 191
130 191 255
130 191 226
130 191 194
130 235 188
130 235 146
130 235 168
130 188 146
130 188 235
130 188 168
130 146 235
130 146 188
130 146 168
130 168 235
130 168 188
130 168 146
130 295 167
130 295 141
130 295 261
130 167 141
130 167 295
130 167 261
130 141 295
130 141 167
130 141 261
130 261 295
130 261 167
130 261 141
130 226 165
130 226 133
130 226 164
130 165 133
130 165 226
130 165 164
130 133 226
130 133 165
130 133 164
130 164 226
130 164 165
130 164 133
130 261 135
130 261 146
130 261 178
130 135 146
130 135 261
130 135 178
130 146 261
130 146 135
130 146 178
130 178 261
130 178 135
130 178 146
