121 29 12
121 29 34
121 29 18
121 12 34
121 12 29
121 12 18
121 34 29
121 34 12
121 34 18
121 18 29
121 18 12
121 18 34
121 28 17
121 28 22
121 28 10
121 17 22
121 17 28
121 17 10
121 22 28
121 22 17
121 22 10
121 10 28
121 10 17
121 10 22
121 28 15
121 28 16
121 28 39
121 15 16
121 15 28
121 15 39
121 16 28
121 16 15
121 16 39
121 39 28
121 39 15
121 39 16
121 25 9
121 25 18
121 25 17
121 9 18
121 9 25
121 9 17
121 18 25
121 18 9
121 18 17
121 17 25
121 17 9
121 17 18
121 36 14
121 36 15
121 36 13
121 14 15
121 14 36
121 14 13
121 15 36
121 15 14
121 15 13
121 13 36
121 13 14
121 13 15
