137 117 81
137 117 106
137 117 136
137 81 106
137 81 117
137 81 136
137 106 117
137 106 81
137 106 136
137 136 117
137 136 81
137 136 106
137 166 95
137 166 66
137 166 107
137 95 66
137 95 166
137 95 107
137 66 166
137 66 95
137 66 107
137 107 166
137 107 95
137 107 66
137 133 52
137 133 59
137 133 63
137 52 59
137 52 133
137 52 63
137 59 133
137 59 52
137 59 63
137 63 133
137 63 52
137 63 59
137 75 43
137 75 40
137 75 50
137 43 40
137 43 75
137 43 50
137 40 75
137 40 43
137 40 50
137 50 75
137 50 43
137 50 40
137 63 39
137 63 56
137 63 65
137 39 56
137 39 63
137 39 65
137 56 63
137 56 39
137 56 65
137 65 63
137 65 39
137 65 56
