120 131 73
120 131 69
120 131 118
120 73 69
120 73 131
120 73 118
120 69 131
120 69 73
120 69 118
120 118 131
120 118 73
120 118 69
120 79 98
120 79 82
120 79 120
120 98 82
120 98 79
120 98 120
120 82 79
120 82 98
120 82 120
120 120 79
120 120 98
120 120 82
120 90 112
120 90 146
120 90 96
120 112 146
120 112 90
120 112 96
120 146 90
120 146 112
120 146 96
120 96 90
120 96 112
120 96 146
120 83 112
120 83 82
120 83 105
120 112 82
120 112 83
120 112 105
120 82 83
120 82 112
120 82 105
120 105 83
120 105 112
120 105 82
120 112 93
120 112 109
120 112 117
120 93 109
120 93 112
120 93 117
120 109 112
120 109 93
120 109 117
120 117 112
120 117 93
120 117 109
