118 190 78
118 190 90
118 190 115
118 78 90
118 78 190
118 78 115
118 90 190
118 90 78
118 90 115
118 115 190
118 115 78
118 115 90
118 213 99
118 213 107
118 213 103
118 99 107
118 99 213
118 99 103
118 107 213
118 107 99
118 107 103
118 103 213
118 103 99
118 103 107
118 165 96
118 165 116
118 165 134
118 96 116
118 96 165
118 96 134
118 116 165
118 116 96
118 116 134
118 134 165
118 134 96
118 134 116
118 170 103
118 170 99
118 170 97
118 103 99
118 103 170
118 103 97
118 99 170
118 99 103
118 99 97
118 97 170
118 97 103
118 97 99
118 166 120
118 166 110
118 166 144
118 120 110
118 120 166
118 120 144
118 110 166
118 110 120
118 110 144
118 144 166
118 144 120
118 144 110
