89 100 93
89 100 81
89 100 102
89 93 81
89 93 100
89 93 102
89 81 100
89 81 93
89 81 102
89 102 100
89 102 93
89 102 81
89 110 96
89 110 82
89 110 104
89 96 82
89 96 110
89 96 104
89 82 110
89 82 96
89 82 104
89 104 110
89 104 96
89 104 82
89 111 102
89 111 86
89 111 112
89 102 86
89 102 111
89 102 112
89 86 111
89 86 102
89 86 112
89 112 111
89 112 102
89 112 86
89 142 81
89 142 73
89 142 109
89 81 73
89 81 142
89 81 109
89 73 142
89 73 81
89 73 109
89 109 142
89 109 81
89 109 73
89 120 94
89 120 96
89 120 89
89 94 96
89 94 120
89 94 89
89 96 120
89 96 94
89 96 89
89 89 120
89 89 94
89 89 96
