132 132 81
132 132 92
132 132 85
132 81 92
132 81 132
132 81 85
132 92 132
132 92 81
132 92 85
132 85 132
132 85 81
132 85 92
132 160 95
132 160 98
132 160 82
132 95 98
132 95 160
132 95 82
132 98 160
132 98 95
132 98 82
132 82 160
132 82 95
132 82 98
132 163 54
132 163 70
132 163 65
132 54 70
132 54 163
132 54 65
132 70 163
132 70 54
132 70 65
132 65 163
132 65 54
132 65 70
132 92 63
132 92 68
132 92 88
132 63 68
132 63 92
132 63 88
132 68 92
132 68 63
132 68 88
132 88 92
132 88 63
132 88 68
132 123 82
132 123 61
132 123 58
132 82 61
132 82 123
132 82 58
132 61 123
132 61 82
132 61 58
132 58 123
132 58 82
132 58 61
