125 95 179
125 95 134
125 95 145
125 179 134
125 179 95
125 179 145
125 134 95
125 134 179
125 134 145
125 145 95
125 145 179
125 145 134
125 85 142
125 85 156
125 85 125
125 142 156
125 142 85
125 142 125
125 156 85
125 156 142
125 156 125
125 125 85
125 125 142
125 125 156
125 86 133
125 86 140
125 86 151
125 133 140
125 133 86
125 133 151
125 140 86
125 140 133
125 140 151
125 151 86
125 151 133
125 151 140
125 69 137
125 69 118
125 69 141
125 137 118
125 137 69
125 137 141
125 118 69
125 118 137
125 118 141
125 141 69
125 141 137
125 141 118
125 94 128
125 94 141
125 94 139
125 128 141
125 128 94
125 128 139
125 141 94
125 141 128
125 141 139
125 139 94
125 139 128
125 139 141
