93 178 76
93 178 116
93 178 137
93 76 116
93 76 178
93 76 137
93 116 178
93 116 76
93 116 137
93 137 178
93 137 76
93 137 116
93 138 112
93 138 120
93 138 123
93 112 120
93 112 138
93 112 123
93 120 138
93 120 112
93 120 123
93 123 138
93 123 112
93 123 120
93 194 128
93 194 108
93 194 148
93 128 108
93 128 194
93 128 148
93 108 194
93 108 128
93 108 148
93 148 194
93 148 128
93 148 108
93 154 124
93 154 152
93 154 121
93 124 152
93 124 154
93 124 121
93 152 154
93 152 124
93 152 121
93 121 154
93 121 124
93 121 152
93 235 124
93 235 134
93 235 131
93 124 134
93 124 235
93 124 131
93 134 235
93 134 124
93 134 131
93 131 235
93 131 124
93 131 134
