103 227 389
103 227 391
103 227 403
103 389 391
103 389 227
103 389 403
103 391 227
103 391 389
103 391 403
103 403 227
103 403 389
103 403 391
103 235 170
103 235 203
103 235 284
103 170 203
103 170 235
103 170 284
103 203 235
103 203 170
103 203 284
103 284 235
103 284 170
103 284 203
103 264 549
103 264 565
103 264 569
103 549 565
103 549 264
103 549 569
103 565 264
103 565 549
103 565 569
103 569 264
103 569 549
103 569 565
103 209 448
103 209 409
103 209 442
103 448 409
103 448 209
103 448 442
103 409 209
103 409 448
103 409 442
103 442 209
103 442 448
103 442 409
103 254 637
103 254 638
103 254 618
103 637 638
103 637 254
103 637 618
103 638 254
103 638 637
103 638 618
103 618 254
103 618 637
103 618 638
