119 55 47
119 55 42
119 55 60
119 47 42
119 47 55
119 47 60
119 42 55
119 42 47
119 42 60
119 60 55
119 60 47
119 60 42
119 66 47
119 66 53
119 66 51
119 47 53
119 47 66
119 47 51
119 53 66
119 53 47
119 53 51
119 51 66
119 51 47
119 51 53
119 55 55
119 55 40
119 55 43
119 55 40
119 55 55
119 55 43
119 40 55
119 40 55
119 40 43
119 43 55
119 43 55
119 43 40
119 74 40
119 74 33
119 74 54
119 40 33
119 40 74
119 40 54
119 33 74
119 33 40
119 33 54
119 54 74
119 54 40
119 54 33
119 53 47
119 53 43
119 53 50
119 47 43
119 47 53
119 47 50
119 43 53
119 43 47
119 43 50
119 50 53
119 50 47
119 50 43
