50 107 593
50 107 549
50 107 546
50 593 549
50 593 107
50 593 546
50 549 107
50 549 593
50 549 546
50 546 107
50 546 593
50 546 549
50 112 586
50 112 629
50 112 606
50 586 629
50 586 112
50 586 606
50 629 112
50 629 586
50 629 606
50 606 112
50 606 586
50 606 629
50 120 541
50 120 472
50 120 453
50 541 472
50 541 120
50 541 453
50 472 120
50 472 541
50 472 453
50 453 120
50 453 541
50 453 472
50 113 468
50 113 383
50 113 376
50 468 383
50 468 113
50 468 376
50 383 113
50 383 468
50 383 376
50 376 113
50 376 468
50 376 383
50 121 344
50 121 343
50 121 380
50 344 343
50 344 121
50 344 380
50 343 121
50 343 344
50 343 380
50 380 121
50 380 344
50 380 343
