107 156 236
107 156 243
107 156 237
107 236 243
107 236 156
107 236 237
107 243 156
107 243 236
107 243 237
107 237 156
107 237 236
107 237 243
107 143 276
107 143 213
107 143 228
107 276 213
107 276 143
107 276 228
107 213 143
107 213 276
107 213 228
107 228 143
107 228 276
107 228 213
107 134 222
107 134 195
107 134 227
107 222 195
107 222 134
107 222 227
107 195 134
107 195 222
107 195 227
107 227 134
107 227 222
107 227 195
107 94 239
107 94 226
107 94 240
107 239 226
107 239 94
107 239 240
107 226 94
107 226 239
107 226 240
107 240 94
107 240 239
107 240 226
107 125 250
107 125 234
107 125 248
107 250 234
107 250 125
107 250 248
107 234 125
107 234 250
107 234 248
107 248 125
107 248 250
107 248 234
