49 26 175
49 26 164
49 26 160
49 175 164
49 175 26
49 175 160
49 164 26
49 164 175
49 164 160
49 160 26
49 160 175
49 160 164
49 42 114
49 42 116
49 42 96
49 114 116
49 114 42
49 114 96
49 116 42
49 116 114
49 116 96
49 96 42
49 96 114
49 96 116
49 39 264
49 39 244
49 39 269
49 264 244
49 264 39
49 264 269
49 244 39
49 244 264
49 244 269
49 269 39
49 269 264
49 269 244
49 65 230
49 65 226
49 65 202
49 230 226
49 230 65
49 230 202
49 226 65
49 226 230
49 226 202
49 202 65
49 202 230
49 202 226
49 41 213
49 41 204
49 41 199
49 213 204
49 213 41
49 213 199
49 204 41
49 204 213
49 204 199
49 199 41
49 199 213
49 199 204
