127 39 59
127 39 53
127 39 54
127 59 53
127 59 39
127 59 54
127 53 39
127 53 59
127 53 54
127 54 39
127 54 59
127 54 53
127 43 40
127 43 45
127 43 83
127 40 45
127 40 43
127 40 83
127 45 43
127 45 40
127 45 83
127 83 43
127 83 40
127 83 45
127 22 51
127 22 61
127 22 63
127 51 61
127 51 22
127 51 63
127 61 22
127 61 51
127 61 63
127 63 22
127 63 51
127 63 61
127 62 38
127 62 45
127 62 53
127 38 45
127 38 62
127 38 53
127 45 62
127 45 38
127 45 53
127 53 62
127 53 38
127 53 45
127 58 53
127 58 65
127 58 57
127 53 65
127 53 58
127 53 57
127 65 58
127 65 53
127 65 57
127 57 58
127 57 53
127 57 65
