56 101 178
56 101 175
56 101 188
56 178 175
56 178 101
56 178 188
56 175 101
56 175 178
56 175 188
56 188 101
56 188 178
56 188 175
56 78 196
56 78 175
56 78 208
56 196 175
56 196 78
56 196 208
56 175 78
56 175 196
56 175 208
56 208 78
56 208 196
56 208 175
56 94 155
56 94 149
56 94 163
56 155 149
56 155 94
56 155 163
56 149 94
56 149 155
56 149 163
56 163 94
56 163 155
56 163 149
56 115 153
56 115 159
56 115 177
56 153 159
56 153 115
56 153 177
56 159 115
56 159 153
56 159 177
56 177 115
56 177 153
56 177 159
56 120 132
56 120 127
56 120 133
56 132 127
56 132 120
56 132 133
56 127 120
56 127 132
56 127 133
56 133 120
56 133 132
56 133 127
