77 374 215
77 374 221
77 374 237
77 215 221
77 215 374
77 215 237
77 221 374
77 221 215
77 221 237
77 237 374
77 237 215
77 237 221
77 466 184
77 466 220
77 466 246
77 184 220
77 184 466
77 184 246
77 220 466
77 220 184
77 220 246
77 246 466
77 246 184
77 246 220
77 369 222
77 369 185
77 369 273
77 222 185
77 222 369
77 222 273
77 185 369
77 185 222
77 185 273
77 273 369
77 273 222
77 273 185
77 512 224
77 512 211
77 512 246
77 224 211
77 224 512
77 224 246
77 211 512
77 211 224
77 211 246
77 246 512
77 246 224
77 246 211
77 370 162
77 370 180
77 370 249
77 162 180
77 162 370
77 162 249
77 180 370
77 180 162
77 180 249
77 249 370
77 249 162
77 249 180
