72 25 24
72 25 14
72 25 29
72 24 14
72 24 25
72 24 29
72 14 25
72 14 24
72 14 29
72 29 25
72 29 24
72 29 14
72 23 13
72 23 24
72 23 18
72 13 24
72 13 23
72 13 18
72 24 23
72 24 13
72 24 18
72 18 23
72 18 13
72 18 24
72 35 20
72 35 20
72 35 27
72 20 20
72 20 35
72 20 27
72 20 35
72 20 20
72 20 27
72 27 35
72 27 20
72 27 20
72 17 23
72 17 12
72 17 16
72 23 12
72 23 17
72 23 16
72 12 17
72 12 23
72 12 16
72 16 17
72 16 23
72 16 12
72 24 17
72 24 21
72 24 15
72 17 21
72 17 24
72 17 15
72 21 24
72 21 17
72 21 15
72 15 24
72 15 17
72 15 21
