52 73 203
52 73 240
52 73 220
52 203 240
52 203 73
52 203 220
52 240 73
52 240 203
52 240 220
52 220 73
52 220 203
52 220 240
52 64 220
52 64 176
52 64 210
52 220 176
52 220 64
52 220 210
52 176 64
52 176 220
52 176 210
52 210 64
52 210 220
52 210 176
52 58 133
52 58 162
52 58 127
52 133 162
52 133 58
52 133 127
52 162 58
52 162 133
52 162 127
52 127 58
52 127 133
52 127 162
52 58 118
52 58 116
52 58 124
52 118 116
52 118 58
52 118 124
52 116 58
52 116 118
52 116 124
52 124 58
52 124 118
52 124 116
52 72 101
52 72 129
52 72 123
52 101 129
52 101 72
52 101 123
52 129 72
52 129 101
52 129 123
52 123 72
52 123 101
52 123 129
