122 236 83
122 236 84
122 236 91
122 83 84
122 83 236
122 83 91
122 84 236
122 84 83
122 84 91
122 91 236
122 91 83
122 91 84
122 166 66
122 166 59
122 166 49
122 66 59
122 66 166
122 66 49
122 59 166
122 59 66
122 59 49
122 49 166
122 49 66
122 49 59
122 190 82
122 190 72
122 190 55
122 82 72
122 82 190
122 82 55
122 72 190
122 72 82
122 72 55
122 55 190
122 55 82
122 55 72
122 115 75
122 115 72
122 115 60
122 75 72
122 75 115
122 75 60
122 72 115
122 72 75
122 72 60
122 60 115
122 60 75
122 60 72
122 132 80
122 132 56
122 132 67
122 80 56
122 80 132
122 80 67
122 56 132
122 56 80
122 56 67
122 67 132
122 67 80
122 67 56
