107 684 786
107 684 815
107 684 832
107 786 815
107 786 684
107 786 832
107 815 684
107 815 786
107 815 832
107 832 684
107 832 786
107 832 815
107 689 594
107 689 576
107 689 631
107 594 576
107 594 689
107 594 631
107 576 689
107 576 594
107 576 631
107 631 689
107 631 594
107 631 576
107 586 563
107 586 605
107 586 640
107 563 605
107 563 586
107 563 640
107 605 586
107 605 563
107 605 640
107 640 586
107 640 563
107 640 605
107 626 521
107 626 476
107 626 516
107 521 476
107 521 626
107 521 516
107 476 626
107 476 521
107 476 516
107 516 626
107 516 521
107 516 476
107 574 497
107 574 414
107 574 541
107 497 414
107 497 574
107 497 541
107 414 574
107 414 497
107 414 541
107 541 574
107 541 497
107 541 414
