84 340 205
84 340 187
84 340 222
84 205 187
84 205 340
84 205 222
84 187 340
84 187 205
84 187 222
84 222 340
84 222 205
84 222 187
84 405 232
84 405 190
84 405 231
84 232 190
84 232 405
84 232 231
84 190 405
84 190 232
84 190 231
84 231 405
84 231 232
84 231 190
84 390 152
84 390 148
84 390 183
84 152 148
84 152 390
84 152 183
84 148 390
84 148 152
84 148 183
84 183 390
84 183 152
84 183 148
84 385 155
84 385 169
84 385 219
84 155 169
84 155 385
84 155 219
84 169 385
84 169 155
84 169 219
84 219 385
84 219 155
84 219 169
84 357 155
84 357 195
84 357 210
84 155 195
84 155 357
84 155 210
84 195 357
84 195 155
84 195 210
84 210 357
84 210 155
84 210 195
