85 198 108
85 198 86
85 198 86
85 108 86
85 108 198
85 108 86
85 86 198
85 86 108
85 86 86
85 86 198
85 86 108
85 86 86
85 204 85
85 204 107
85 204 103
85 85 107
85 85 204
85 85 103
85 107 204
85 107 85
85 107 103
85 103 204
85 103 85
85 103 107
85 191 74
85 191 114
85 191 97
85 74 114
85 74 191
85 74 97
85 114 191
85 114 74
85 114 97
85 97 191
85 97 74
85 97 114
85 203 89
85 203 66
85 203 83
85 89 66
85 89 203
85 89 83
85 66 203
85 66 89
85 66 83
85 83 203
85 83 89
85 83 66
85 200 73
85 200 107
85 200 112
85 73 107
85 73 200
85 73 112
85 107 200
85 107 73
85 107 112
85 112 200
85 112 73
85 112 107
