95 48 23
95 48 32
95 48 41
95 23 32
95 23 48
95 23 41
95 32 48
95 32 23
95 32 41
95 41 48
95 41 23
95 41 32
95 60 27
95 60 31
95 60 32
95 27 31
95 27 60
95 27 32
95 31 60
95 31 27
95 31 32
95 32 60
95 32 27
95 32 31
95 65 47
95 65 30
95 65 24
95 47 30
95 47 65
95 47 24
95 30 65
95 30 47
95 30 24
95 24 65
95 24 47
95 24 30
95 46 31
95 46 28
95 46 41
95 31 28
95 31 46
95 31 41
95 28 46
95 28 31
95 28 41
95 41 46
95 41 31
95 41 28
95 54 27
95 54 49
95 54 22
95 27 49
95 27 54
95 27 22
95 49 54
95 49 27
95 49 22
95 22 54
95 22 27
95 22 49
