58 42 63
58 42 72
58 42 76
58 63 72
58 63 42
58 63 76
58 72 42
58 72 63
58 72 76
58 76 42
58 76 63
58 76 72
58 47 91
58 47 103
58 47 111
58 91 103
58 91 47
58 91 111
58 103 47
58 103 91
58 103 111
58 111 47
58 111 91
58 111 103
58 52 56
58 52 68
58 52 69
58 56 68
58 56 52
58 56 69
58 68 52
58 68 56
58 68 69
58 69 52
58 69 56
58 69 68
58 61 56
58 61 49
58 61 52
58 56 49
58 56 61
58 56 52
58 49 61
58 49 56
58 49 52
58 52 61
58 52 56
58 52 49
58 51 46
58 51 42
58 51 53
58 46 42
58 46 51
58 46 53
58 42 51
58 42 46
58 42 53
58 53 51
58 53 46
58 53 42
