140 20 18
140 20 16
140 20 7
140 18 16
140 18 20
140 18 7
140 16 20
140 16 18
140 16 7
140 7 20
140 7 18
140 7 16
140 24 18
140 24 24
140 24 26
140 18 24
140 18 24
140 18 26
140 24 24
140 24 18
140 24 26
140 26 24
140 26 18
140 26 24
140 24 7
140 24 16
140 24 10
140 7 16
140 7 24
140 7 10
140 16 24
140 16 7
140 16 10
140 10 24
140 10 7
140 10 16
140 12 1
140 12 6
140 12 8
140 1 6
140 1 12
140 1 8
140 6 12
140 6 1
140 6 8
140 8 12
140 8 1
140 8 6
140 6 0
140 6 4
140 6 5
140 0 4
140 0 6
140 0 5
140 4 6
140 4 0
140 4 5
140 5 6
140 5 0
140 5 4
