121 150 150
121 150 122
121 150 183
121 150 122
121 150 150
121 150 183
121 122 150
121 122 150
121 122 183
121 183 150
121 183 150
121 183 122
121 145 89
121 145 140
121 145 108
121 89 140
121 89 145
121 89 108
121 140 145
121 140 89
121 140 108
121 108 145
121 108 89
121 108 140
121 201 192
121 201 114
121 201 183
121 192 114
121 192 201
121 192 183
121 114 201
121 114 192
121 114 183
121 183 201
121 183 192
121 183 114
121 171 152
121 171 108
121 171 189
121 152 108
121 152 171
121 152 189
121 108 171
121 108 152
121 108 189
121 189 171
121 189 152
121 189 108
121 185 199
121 185 118
121 185 173
121 199 118
121 199 185
121 199 173
121 118 185
121 118 199
121 118 173
121 173 185
121 173 199
121 173 118
