111 261 392
111 261 399
111 261 461
111 392 399
111 392 261
111 392 461
111 399 261
111 399 392
111 399 461
111 461 261
111 461 392
111 461 399
111 277 549
111 277 569
111 277 569
111 549 569
111 549 277
111 549 569
111 569 277
111 569 549
111 569 569
111 569 277
111 569 549
111 569 569
111 230 426
111 230 352
111 230 389
111 426 352
111 426 230
111 426 389
111 352 230
111 352 426
111 352 389
111 389 230
111 389 426
111 389 352
111 253 356
111 253 376
111 253 368
111 356 376
111 356 253
111 356 368
111 376 253
111 376 356
111 376 368
111 368 253
111 368 356
111 368 376
111 218 303
111 218 275
111 218 333
111 303 275
111 303 218
111 303 333
111 275 218
111 275 303
111 275 333
111 333 218
111 333 303
111 333 275
