92 259 60
92 259 62
92 259 75
92 60 62
92 60 259
92 60 75
92 62 259
92 62 60
92 62 75
92 75 259
92 75 60
92 75 62
92 150 70
92 150 45
92 150 43
92 70 45
92 70 150
92 70 43
92 45 150
92 45 70
92 45 43
92 43 150
92 43 70
92 43 45
92 226 67
92 226 44
92 226 45
92 67 44
92 67 226
92 67 45
92 44 226
92 44 67
92 44 45
92 45 226
92 45 67
92 45 44
92 232 57
92 232 49
92 232 74
92 57 49
92 57 232
92 57 74
92 49 232
92 49 57
92 49 74
92 74 232
92 74 57
92 74 49
92 204 62
92 204 62
92 204 62
92 62 62
92 62 204
92 62 62
92 62 204
92 62 62
92 62 62
92 62 204
92 62 62
92 62 62
