126 40 77
126 40 79
126 40 127
126 77 79
126 77 40
126 77 127
126 79 40
126 79 77
126 79 127
126 127 40
126 127 77
126 127 79
126 33 71
126 33 93
126 33 90
126 71 93
126 71 33
126 71 90
126 93 33
126 93 71
126 93 90
126 90 33
126 90 71
126 90 93
126 31 89
126 31 100
126 31 86
126 89 100
126 89 31
126 89 86
126 100 31
126 100 89
126 100 86
126 86 31
126 86 89
126 86 100
126 31 74
126 31 78
126 31 86
126 74 78
126 74 31
126 74 86
126 78 31
126 78 74
126 78 86
126 86 31
126 86 74
126 86 78
126 32 47
126 32 71
126 32 42
126 47 71
126 47 32
126 47 42
126 71 32
126 71 47
126 71 42
126 42 32
126 42 47
126 42 71
