65 29 23
65 29 28
65 29 32
65 23 28
65 23 29
65 23 32
65 28 29
65 28 23
65 28 32
65 32 29
65 32 23
65 32 28
65 46 19
65 46 31
65 46 36
65 19 31
65 19 46
65 19 36
65 31 46
65 31 19
65 31 36
65 36 46
65 36 19
65 36 31
65 34 19
65 34 37
65 34 23
65 19 37
65 19 34
65 19 23
65 37 34
65 37 19
65 37 23
65 23 34
65 23 19
65 23 37
65 45 22
65 45 18
65 45 21
65 22 18
65 22 45
65 22 21
65 18 45
65 18 22
65 18 21
65 21 45
65 21 22
65 21 18
65 55 16
65 55 24
65 55 21
65 16 24
65 16 55
65 16 21
65 24 55
65 24 16
65 24 21
65 21 55
65 21 16
65 21 24
