133 131 69
133 131 64
133 131 110
133 69 64
133 69 131
133 69 110
133 64 131
133 64 69
133 64 110
133 110 131
133 110 69
133 110 64
133 65 108
133 65 84
133 65 62
133 108 84
133 108 65
133 108 62
133 84 65
133 84 108
133 84 62
133 62 65
133 62 108
133 62 84
133 121 63
133 121 69
133 121 118
133 63 69
133 63 121
133 63 118
133 69 121
133 69 63
133 69 118
133 118 121
133 118 63
133 118 69
133 78 95
133 78 102
133 78 98
133 95 102
133 95 78
133 95 98
133 102 78
133 102 95
133 102 98
133 98 78
133 98 95
133 98 102
133 158 39
133 158 43
133 158 43
133 39 43
133 39 158
133 39 43
133 43 158
133 43 39
133 43 43
133 43 158
133 43 39
133 43 43
