114 166 288
114 166 228
114 166 321
114 288 228
114 288 166
114 288 321
114 228 166
114 228 288
114 228 321
114 321 166
114 321 288
114 321 228
114 197 357
114 197 356
114 197 305
114 357 356
114 357 197
114 357 305
114 356 197
114 356 357
114 356 305
114 305 197
114 305 357
114 305 356
114 152 236
114 152 309
114 152 248
114 236 309
114 236 152
114 236 248
114 309 152
114 309 236
114 309 248
114 248 152
114 248 236
114 248 309
114 143 187
114 143 282
114 143 212
114 187 282
114 187 143
114 187 212
114 282 143
114 282 187
114 282 212
114 212 143
114 212 187
114 212 282
114 206 274
114 206 204
114 206 225
114 274 204
114 274 206
114 274 225
114 204 206
114 204 274
114 204 225
114 225 206
114 225 274
114 225 204
