129 77 91
129 77 87
129 77 84
129 91 87
129 91 77
129 91 84
129 87 77
129 87 91
129 87 84
129 84 77
129 84 91
129 84 87
129 92 76
129 92 96
129 92 119
129 76 96
129 76 92
129 76 119
129 96 92
129 96 76
129 96 119
129 119 92
129 119 76
129 119 96
129 76 68
129 76 80
129 76 83
129 68 80
129 68 76
129 68 83
129 80 76
129 80 68
129 80 83
129 83 76
129 83 68
129 83 80
129 68 61
129 68 64
129 68 68
129 61 64
129 61 68
129 61 68
129 64 68
129 64 61
129 64 68
129 68 68
129 68 61
129 68 64
129 49 68
129 49 80
129 49 71
129 68 80
129 68 49
129 68 71
129 80 49
129 80 68
129 80 71
129 71 49
129 71 68
129 71 80
