52 107 248
52 107 192
52 107 192
52 248 192
52 248 107
52 248 192
52 192 107
52 192 248
52 192 192
52 192 107
52 192 248
52 192 192
52 223 230
52 223 224
52 223 244
52 230 224
52 230 223
52 230 244
52 224 223
52 224 230
52 224 244
52 244 223
52 244 230
52 244 224
52 100 208
52 100 255
52 100 235
52 208 255
52 208 100
52 208 235
52 255 100
52 255 208
52 255 235
52 235 100
52 235 208
52 235 255
52 129 164
52 129 160
52 129 128
52 164 160
52 164 129
52 164 128
52 160 129
52 160 164
52 160 128
52 128 129
52 128 164
52 128 160
52 154 133
52 154 138
52 154 100
52 133 138
52 133 154
52 133 100
52 138 154
52 138 133
52 138 100
52 100 154
52 100 133
52 100 138
