80 49 30
80 49 10
80 49 34
80 30 10
80 30 49
80 30 34
80 10 49
80 10 30
80 10 34
80 34 49
80 34 30
80 34 10
80 22 21
80 22 24
80 22 19
80 21 24
80 21 22
80 21 19
80 24 22
80 24 21
80 24 19
80 19 22
80 19 21
80 19 24
80 50 17
80 50 15
80 50 31
80 17 15
80 17 50
80 17 31
80 15 50
80 15 17
80 15 31
80 31 50
80 31 17
80 31 15
80 45 23
80 45 30
80 45 30
80 23 30
80 23 45
80 23 30
80 30 45
80 30 23
80 30 30
80 30 45
80 30 23
80 30 30
80 35 22
80 35 21
80 35 20
80 22 21
80 22 35
80 22 20
80 21 35
80 21 22
80 21 20
80 20 35
80 20 22
80 20 21
