135 122 148
135 122 124
135 122 170
135 148 124
135 148 122
135 148 170
135 124 122
135 124 148
135 124 170
135 170 122
135 170 148
135 170 124
135 193 259
135 193 259
135 193 340
135 259 259
135 259 193
135 259 340
135 259 193
135 259 259
135 259 340
135 340 193
135 340 259
135 340 259
135 132 86
135 132 89
135 132 119
135 86 89
135 86 132
135 86 119
135 89 132
135 89 86
135 89 119
135 119 132
135 119 86
135 119 89
135 126 35
135 126 52
135 126 61
135 35 52
135 35 126
135 35 61
135 52 126
135 52 35
135 52 61
135 61 126
135 61 35
135 61 52
135 98 37
135 98 42
135 98 67
135 37 42
135 37 98
135 37 67
135 42 98
135 42 37
135 42 67
135 67 98
135 67 37
135 67 42
