52 62 665
52 62 673
52 62 612
52 665 673
52 665 62
52 665 612
52 673 62
52 673 665
52 673 612
52 612 62
52 612 665
52 612 673
52 61 556
52 61 558
52 61 541
52 556 558
52 556 61
52 556 541
52 558 61
52 558 556
52 558 541
52 541 61
52 541 556
52 541 558
52 91 903
52 91 840
52 91 669
52 903 840
52 903 91
52 903 669
52 840 91
52 840 903
52 840 669
52 669 91
52 669 903
52 669 840
52 58 638
52 58 685
52 58 769
52 638 685
52 638 58
52 638 769
52 685 58
52 685 638
52 685 769
52 769 58
52 769 638
52 769 685
52 62 408
52 62 426
52 62 388
52 408 426
52 408 62
52 408 388
52 426 62
52 426 408
52 426 388
52 388 62
52 388 408
52 388 426
