46 34 187
46 34 163
46 34 146
46 187 163
46 187 34
46 187 146
46 163 34
46 163 187
46 163 146
46 146 34
46 146 187
46 146 163
46 29 103
46 29 65
46 29 89
46 103 65
46 103 29
46 103 89
46 65 29
46 65 103
46 65 89
46 89 29
46 89 103
46 89 65
46 38 136
46 38 169
46 38 143
46 136 169
46 136 38
46 136 143
46 169 38
46 169 136
46 169 143
46 143 38
46 143 136
46 143 169
46 39 185
46 39 165
46 39 196
46 185 165
46 185 39
46 185 196
46 165 39
46 165 185
46 165 196
46 196 39
46 196 185
46 196 165
46 64 280
46 64 319
46 64 308
46 280 319
46 280 64
46 280 308
46 319 64
46 319 280
46 319 308
46 308 64
46 308 280
46 308 319
