75 81 41
75 81 61
75 81 58
75 41 61
75 41 81
75 41 58
75 61 81
75 61 41
75 61 58
75 58 81
75 58 41
75 58 61
75 66 65
75 66 64
75 66 60
75 65 64
75 65 66
75 65 60
75 64 66
75 64 65
75 64 60
75 60 66
75 60 65
75 60 64
75 72 54
75 72 64
75 72 54
75 54 64
75 54 72
75 54 54
75 64 72
75 64 54
75 64 54
75 54 72
75 54 54
75 54 64
75 58 54
75 58 74
75 58 55
75 54 74
75 54 58
75 54 55
75 74 58
75 74 54
75 74 55
75 55 58
75 55 54
75 55 74
75 78 72
75 78 80
75 78 65
75 72 80
75 72 78
75 72 65
75 80 78
75 80 72
75 80 65
75 65 78
75 65 72
75 65 80
