97 131 92
97 131 74
97 131 65
97 92 74
97 92 131
97 92 65
97 74 131
97 74 92
97 74 65
97 65 131
97 65 92
97 65 74
97 141 117
97 141 91
97 141 84
97 117 91
97 117 141
97 117 84
97 91 141
97 91 117
97 91 84
97 84 141
97 84 117
97 84 91
97 136 45
97 136 55
97 136 57
97 45 55
97 45 136
97 45 57
97 55 136
97 55 45
97 55 57
97 57 136
97 57 45
97 57 55
97 112 57
97 112 60
97 112 66
97 57 60
97 57 112
97 57 66
97 60 112
97 60 57
97 60 66
97 66 112
97 66 57
97 66 60
97 125 63
97 125 51
97 125 68
97 63 51
97 63 125
97 63 68
97 51 125
97 51 63
97 51 68
97 68 125
97 68 63
97 68 51
