87 198 19
87 198 50
87 198 32
87 19 50
87 19 198
87 19 32
87 50 198
87 50 19
87 50 32
87 32 198
87 32 19
87 32 50
87 148 26
87 148 35
87 148 23
87 26 35
87 26 148
87 26 23
87 35 148
87 35 26
87 35 23
87 23 148
87 23 26
87 23 35
87 156 41
87 156 31
87 156 16
87 41 31
87 41 156
87 41 16
87 31 156
87 31 41
87 31 16
87 16 156
87 16 41
87 16 31
87 226 32
87 226 42
87 226 36
87 32 42
87 32 226
87 32 36
87 42 226
87 42 32
87 42 36
87 36 226
87 36 32
87 36 42
87 154 34
87 154 35
87 154 29
87 34 35
87 34 154
87 34 29
87 35 154
87 35 34
87 35 29
87 29 154
87 29 34
87 29 35
