106 443 143
106 443 152
106 443 160
106 143 152
106 143 443
106 143 160
106 152 443
106 152 143
106 152 160
106 160 443
106 160 143
106 160 152
106 204 252
106 204 160
106 204 173
106 252 160
106 252 204
106 252 173
106 160 204
106 160 252
106 160 173
106 173 204
106 173 252
106 173 160
106 266 131
106 266 126
106 266 237
106 131 126
106 131 266
106 131 237
106 126 266
106 126 131
106 126 237
106 237 266
106 237 131
106 237 126
106 240 157
106 240 193
106 240 194
106 157 193
106 157 240
106 157 194
106 193 240
106 193 157
106 193 194
106 194 240
106 194 157
106 194 193
106 276 353
106 276 301
106 276 179
106 353 301
106 353 276
106 353 179
106 301 276
106 301 353
106 301 179
106 179 276
106 179 353
106 179 301
