131 90 69
131 90 96
131 90 62
131 69 96
131 69 90
131 69 62
131 96 90
131 96 69
131 96 62
131 62 90
131 62 69
131 62 96
131 95 77
131 95 93
131 95 110
131 77 93
131 77 95
131 77 110
131 93 95
131 93 77
131 93 110
131 110 95
131 110 77
131 110 93
131 40 103
131 40 101
131 40 78
131 103 101
131 103 40
131 103 78
131 101 40
131 101 103
131 101 78
131 78 40
131 78 103
131 78 101
131 98 68
131 98 84
131 98 74
131 68 84
131 68 98
131 68 74
131 84 98
131 84 68
131 84 74
131 74 98
131 74 68
131 74 84
131 70 66
131 70 65
131 70 74
131 66 65
131 66 70
131 66 74
131 65 70
131 65 66
131 65 74
131 74 70
131 74 66
131 74 65
