138 31 21
138 31 21
138 31 20
138 21 21
138 21 31
138 21 20
138 21 31
138 21 21
138 21 20
138 20 31
138 20 21
138 20 21
138 10 24
138 10 29
138 10 22
138 24 29
138 24 10
138 24 22
138 29 10
138 29 24
138 29 22
138 22 10
138 22 24
138 22 29
138 15 13
138 15 12
138 15 17
138 13 12
138 13 15
138 13 17
138 12 15
138 12 13
138 12 17
138 17 15
138 17 13
138 17 12
138 11 11
138 11 7
138 11 11
138 11 7
138 11 11
138 11 11
138 7 11
138 7 11
138 7 11
138 11 11
138 11 11
138 11 7
138 7 0
138 7 0
138 7 4
138 0 0
138 0 7
138 0 4
138 0 7
138 0 0
138 0 4
138 4 7
138 4 0
138 4 0
