63 153 116
63 153 134
63 153 147
63 116 134
63 116 153
63 116 147
63 134 153
63 134 116
63 134 147
63 147 153
63 147 116
63 147 134
63 129 123
63 129 133
63 129 120
63 123 133
63 123 129
63 123 120
63 133 129
63 133 123
63 133 120
63 120 129
63 120 123
63 120 133
63 158 125
63 158 136
63 158 108
63 125 136
63 125 158
63 125 108
63 136 158
63 136 125
63 136 108
63 108 158
63 108 125
63 108 136
63 148 118
63 148 109
63 148 120
63 118 109
63 118 148
63 118 120
63 109 148
63 109 118
63 109 120
63 120 148
63 120 118
63 120 109
63 107 103
63 107 85
63 107 119
63 103 85
63 103 107
63 103 119
63 85 107
63 85 103
63 85 119
63 119 107
63 119 103
63 119 85
