116 86 53
116 86 42
116 86 77
116 53 42
116 53 86
116 53 77
116 42 86
116 42 53
116 42 77
116 77 86
116 77 53
116 77 42
116 53 50
116 53 70
116 53 56
116 50 70
116 50 53
116 50 56
116 70 53
116 70 50
116 70 56
116 56 53
116 56 50
116 56 70
116 84 65
116 84 60
116 84 38
116 65 60
116 65 84
116 65 38
116 60 84
116 60 65
116 60 38
116 38 84
116 38 65
116 38 60
116 44 45
116 44 34
116 44 35
116 45 34
116 45 44
116 45 35
116 34 44
116 34 45
116 34 35
116 35 44
116 35 45
116 35 34
116 39 45
116 39 36
116 39 54
116 45 36
116 45 39
116 45 54
116 36 39
116 36 45
116 36 54
116 54 39
116 54 45
116 54 36
