56 63 212
56 63 201
56 63 157
56 212 201
56 212 63
56 212 157
56 201 63
56 201 212
56 201 157
56 157 63
56 157 212
56 157 201
56 65 196
56 65 148
56 65 140
56 196 148
56 196 65
56 196 140
56 148 65
56 148 196
56 148 140
56 140 65
56 140 196
56 140 148
56 70 166
56 70 159
56 70 185
56 166 159
56 166 70
56 166 185
56 159 70
56 159 166
56 159 185
56 185 70
56 185 166
56 185 159
56 68 98
56 68 101
56 68 122
56 98 101
56 98 68
56 98 122
56 101 68
56 101 98
56 101 122
56 122 68
56 122 98
56 122 101
56 82 108
56 82 121
56 82 151
56 108 121
56 108 82
56 108 151
56 121 82
56 121 108
56 121 151
56 151 82
56 151 108
56 151 121
