128 77 77
128 77 71
128 77 71
128 77 71
128 77 77
128 77 71
128 71 77
128 71 77
128 71 71
128 71 77
128 71 77
128 71 71
128 61 87
128 61 84
128 61 88
128 87 84
128 87 61
128 87 88
128 84 61
128 84 87
128 84 88
128 88 61
128 88 87
128 88 84
128 92 50
128 92 48
128 92 46
128 50 48
128 50 92
128 50 46
128 48 92
128 48 50
128 48 46
128 46 92
128 46 50
128 46 48
128 69 55
128 69 54
128 69 73
128 55 54
128 55 69
128 55 73
128 54 69
128 54 55
128 54 73
128 73 69
128 73 55
128 73 54
128 63 42
128 63 52
128 63 71
128 42 52
128 42 63
128 42 71
128 52 63
128 52 42
128 52 71
128 71 63
128 71 42
128 71 52
