44 680 626
44 680 809
44 680 920
44 626 809
44 626 680
44 626 920
44 809 680
44 809 626
44 809 920
44 920 680
44 920 626
44 920 809
44 665 562
44 665 669
44 665 843
44 562 669
44 562 665
44 562 843
44 669 665
44 669 562
44 669 843
44 843 665
44 843 562
44 843 669
44 614 866
44 614 994
44 614 1022
44 866 994
44 866 614
44 866 1022
44 994 614
44 994 866
44 994 1022
44 1022 614
44 1022 866
44 1022 994
44 848 955
44 848 928
44 848 1329
44 955 928
44 955 848
44 955 1329
44 928 848
44 928 955
44 928 1329
44 1329 848
44 1329 955
44 1329 928
44 883 1060
44 883 1146
44 883 1210
44 1060 1146
44 1060 883
44 1060 1210
44 1146 883
44 1146 1060
44 1146 1210
44 1210 883
44 1210 1060
44 1210 1146
