117 193 199
117 193 179
117 193 168
117 199 179
117 199 193
117 199 168
117 179 193
117 179 199
117 179 168
117 168 193
117 168 199
117 168 179
117 151 224
117 151 240
117 151 224
117 224 240
117 224 151
117 224 224
117 240 151
117 240 224
117 240 224
117 224 151
117 224 224
117 224 240
117 141 152
117 141 176
117 141 222
117 152 176
117 152 141
117 152 222
117 176 141
117 176 152
117 176 222
117 222 141
117 222 152
117 222 176
117 188 195
117 188 223
117 188 147
117 195 223
117 195 188
117 195 147
117 223 188
117 223 195
117 223 147
117 147 188
117 147 195
117 147 223
117 156 139
117 156 149
117 156 187
117 139 149
117 139 156
117 139 187
117 149 156
117 149 139
117 149 187
117 187 156
117 187 139
117 187 149
