118 223 274
118 223 219
118 223 245
118 274 219
118 274 223
118 274 245
118 219 223
118 219 274
118 219 245
118 245 223
118 245 274
118 245 219
118 218 263
118 218 207
118 218 205
118 263 207
118 263 218
118 263 205
118 207 218
118 207 263
118 207 205
118 205 218
118 205 263
118 205 207
118 206 205
118 206 244
118 206 256
118 205 244
118 205 206
118 205 256
118 244 206
118 244 205
118 244 256
118 256 206
118 256 205
118 256 244
118 202 177
118 202 157
118 202 218
118 177 157
118 177 202
118 177 218
118 157 202
118 157 177
118 157 218
118 218 202
118 218 177
118 218 157
118 190 182
118 190 259
118 190 219
118 182 259
118 182 190
118 182 219
118 259 190
118 259 182
118 259 219
118 219 190
118 219 182
118 219 259
