114 141 329
114 141 244
114 141 292
114 329 244
114 329 141
114 329 292
114 244 141
114 244 329
114 244 292
114 292 141
114 292 329
114 292 244
114 125 308
114 125 310
114 125 297
114 308 310
114 308 125
114 308 297
114 310 125
114 310 308
114 310 297
114 297 125
114 297 308
114 297 310
114 119 185
114 119 232
114 119 171
114 185 232
114 185 119
114 185 171
114 232 119
114 232 185
114 232 171
114 171 119
114 171 185
114 171 232
114 151 172
114 151 165
114 151 164
114 172 165
114 172 151
114 172 164
114 165 151
114 165 172
114 165 164
114 164 151
114 164 172
114 164 165
114 117 194
114 117 189
114 117 213
114 194 189
114 194 117
114 194 213
114 189 117
114 189 194
114 189 213
114 213 117
114 213 194
114 213 189
