50 92 392
50 92 342
50 92 368
50 392 342
50 392 92
50 392 368
50 342 92
50 342 392
50 342 368
50 368 92
50 368 392
50 368 342
50 55 300
50 55 355
50 55 294
50 300 355
50 300 55
50 300 294
50 355 55
50 355 300
50 355 294
50 294 55
50 294 300
50 294 355
50 70 332
50 70 335
50 70 337
50 332 335
50 332 70
50 332 337
50 335 70
50 335 332
50 335 337
50 337 70
50 337 332
50 337 335
50 88 300
50 88 285
50 88 288
50 300 285
50 300 88
50 300 288
50 285 88
50 285 300
50 285 288
50 288 88
50 288 300
50 288 285
50 85 368
50 85 383
50 85 393
50 368 383
50 368 85
50 368 393
50 383 85
50 383 368
50 383 393
50 393 85
50 393 368
50 393 383
