93 658 285
93 658 332
93 658 385
93 285 332
93 285 658
93 285 385
93 332 658
93 332 285
93 332 385
93 385 658
93 385 285
93 385 332
93 668 283
93 668 272
93 668 331
93 283 272
93 283 668
93 283 331
93 272 668
93 272 283
93 272 331
93 331 668
93 331 283
93 331 272
93 702 291
93 702 296
93 702 351
93 291 296
93 291 702
93 291 351
93 296 702
93 296 291
93 296 351
93 351 702
93 351 291
93 351 296
93 719 258
93 719 293
93 719 374
93 258 293
93 258 719
93 258 374
93 293 719
93 293 258
93 293 374
93 374 719
93 374 258
93 374 293
93 683 237
93 683 305
93 683 413
93 237 305
93 237 683
93 237 413
93 305 683
93 305 237
93 305 413
93 413 683
93 413 237
93 413 305
