127 574 176
127 574 124
127 574 91
127 176 124
127 176 574
127 176 91
127 124 574
127 124 176
127 124 91
127 91 574
127 91 176
127 91 124
127 294 200
127 294 121
127 294 144
127 200 121
127 200 294
127 200 144
127 121 294
127 121 200
127 121 144
127 144 294
127 144 200
127 144 121
127 373 181
127 373 146
127 373 92
127 181 146
127 181 373
127 181 92
127 146 373
127 146 181
127 146 92
127 92 373
127 92 181
127 92 146
127 332 155
127 332 161
127 332 83
127 155 161
127 155 332
127 155 83
127 161 332
127 161 155
127 161 83
127 83 332
127 83 155
127 83 161
127 354 171
127 354 120
127 354 104
127 171 120
127 171 354
127 171 104
127 120 354
127 120 171
127 120 104
127 104 354
127 104 171
127 104 120
