64 61 51
64 61 45
64 61 72
64 51 45
64 51 61
64 51 72
64 45 61
64 45 51
64 45 72
64 72 61
64 72 51
64 72 45
64 50 71
64 50 60
64 50 63
64 71 60
64 71 50
64 71 63
64 60 50
64 60 71
64 60 63
64 63 50
64 63 71
64 63 60
64 50 33
64 50 56
64 50 52
64 33 56
64 33 50
64 33 52
64 56 50
64 56 33
64 56 52
64 52 50
64 52 33
64 52 56
64 41 46
64 41 50
64 41 66
64 46 50
64 46 41
64 46 66
64 50 41
64 50 46
64 50 66
64 66 41
64 66 46
64 66 50
64 59 55
64 59 55
64 59 63
64 55 55
64 55 59
64 55 63
64 55 59
64 55 55
64 55 63
64 63 59
64 63 55
64 63 55
