72 78 39
72 78 34
72 78 24
72 39 34
72 39 78
72 39 24
72 34 78
72 34 39
72 34 24
72 24 78
72 24 39
72 24 34
72 36 18
72 36 26
72 36 24
72 18 26
72 18 36
72 18 24
72 26 36
72 26 18
72 26 24
72 24 36
72 24 18
72 24 26
72 49 30
72 49 38
72 49 23
72 30 38
72 30 49
72 30 23
72 38 49
72 38 30
72 38 23
72 23 49
72 23 30
72 23 38
72 65 36
72 65 25
72 65 54
72 36 25
72 36 65
72 36 54
72 25 65
72 25 36
72 25 54
72 54 65
72 54 36
72 54 25
72 58 36
72 58 34
72 58 20
72 36 34
72 36 58
72 36 20
72 34 58
72 34 36
72 34 20
72 20 58
72 20 36
72 20 34
