88 161 66
88 161 80
88 161 94
88 66 80
88 66 161
88 66 94
88 80 161
88 80 66
88 80 94
88 94 161
88 94 66
88 94 80
88 152 76
88 152 54
88 152 100
88 76 54
88 76 152
88 76 100
88 54 152
88 54 76
88 54 100
88 100 152
88 100 76
88 100 54
88 124 77
88 124 75
88 124 87
88 77 75
88 77 124
88 77 87
88 75 124
88 75 77
88 75 87
88 87 124
88 87 77
88 87 75
88 151 111
88 151 76
88 151 83
88 111 76
88 111 151
88 111 83
88 76 151
88 76 111
88 76 83
88 83 151
88 83 111
88 83 76
88 168 99
88 168 80
88 168 81
88 99 80
88 99 168
88 99 81
88 80 168
88 80 99
88 80 81
88 81 168
88 81 99
88 81 80
