130 81 87
130 81 77
130 81 111
130 87 77
130 87 81
130 87 111
130 77 81
130 77 87
130 77 111
130 111 81
130 111 87
130 111 77
130 72 88
130 72 85
130 72 76
130 88 85
130 88 72
130 88 76
130 85 72
130 85 88
130 85 76
130 76 72
130 76 88
130 76 85
130 123 110
130 123 85
130 123 105
130 110 85
130 110 123
130 110 105
130 85 123
130 85 110
130 85 105
130 105 123
130 105 110
130 105 85
130 57 77
130 57 73
130 57 100
130 77 73
130 77 57
130 77 100
130 73 57
130 73 77
130 73 100
130 100 57
130 100 77
130 100 73
130 94 41
130 94 42
130 94 51
130 41 42
130 41 94
130 41 51
130 42 94
130 42 41
130 42 51
130 51 94
130 51 41
130 51 42
