113 253 356
113 253 376
113 253 368
113 356 376
113 356 253
113 356 368
113 376 253
113 376 356
113 376 368
113 368 253
113 368 356
113 368 376
113 230 426
113 230 352
113 230 389
113 426 352
113 426 230
113 426 389
113 352 230
113 352 426
113 352 389
113 389 230
113 389 426
113 389 352
113 218 303
113 218 275
113 218 333
113 303 275
113 303 218
113 303 333
113 275 218
113 275 303
113 275 333
113 333 218
113 333 303
113 333 275
113 238 353
113 238 276
113 238 249
113 353 276
113 353 238
113 353 249
113 276 238
113 276 353
113 276 249
113 249 238
113 249 353
113 249 276
113 245 263
113 245 234
113 245 261
113 263 234
113 263 245
113 263 261
113 234 245
113 234 263
113 234 261
113 261 245
113 261 263
113 261 234
