69 208 71
69 208 53
69 208 98
69 71 53
69 71 208
69 71 98
69 53 208
69 53 71
69 53 98
69 98 208
69 98 71
69 98 53
69 177 63
69 177 69
69 177 122
69 63 69
69 63 177
69 63 122
69 69 177
69 69 63
69 69 122
69 122 177
69 122 63
69 122 69
69 230 54
69 230 66
69 230 102
69 54 66
69 54 230
69 54 102
69 66 230
69 66 54
69 66 102
69 102 230
69 102 54
69 102 66
69 220 71
69 220 79
69 220 97
69 71 79
69 71 220
69 71 97
69 79 220
69 79 71
69 79 97
69 97 220
69 97 71
69 97 79
69 206 86
69 206 85
69 206 91
69 86 85
69 86 206
69 86 91
69 85 206
69 85 86
69 85 91
69 91 206
69 91 86
69 91 85
