63 73 38
63 73 37
63 73 39
63 38 37
63 38 73
63 38 39
63 37 73
63 37 38
63 37 39
63 39 73
63 39 38
63 39 37
63 94 45
63 94 42
63 94 68
63 45 42
63 45 94
63 45 68
63 42 94
63 42 45
63 42 68
63 68 94
63 68 45
63 68 42
63 99 33
63 99 31
63 99 65
63 33 31
63 33 99
63 33 65
63 31 99
63 31 33
63 31 65
63 65 99
63 65 33
63 65 31
63 66 52
63 66 48
63 66 49
63 52 48
63 52 66
63 52 49
63 48 66
63 48 52
63 48 49
63 49 66
63 49 52
63 49 48
63 67 31
63 67 27
63 67 48
63 31 27
63 31 67
63 31 48
63 27 67
63 27 31
63 27 48
63 48 67
63 48 31
63 48 27
