81 149 135
81 149 160
81 149 145
81 135 160
81 135 149
81 135 145
81 160 149
81 160 135
81 160 145
81 145 149
81 145 135
81 145 160
81 162 122
81 162 118
81 162 146
81 122 118
81 122 162
81 122 146
81 118 162
81 118 122
81 118 146
81 146 162
81 146 122
81 146 118
81 140 178
81 140 179
81 140 152
81 178 179
81 178 140
81 178 152
81 179 140
81 179 178
81 179 152
81 152 140
81 152 178
81 152 179
81 131 150
81 131 131
81 131 168
81 150 131
81 150 131
81 150 168
81 131 131
81 131 150
81 131 168
81 168 131
81 168 150
81 168 131
81 126 165
81 126 134
81 126 159
81 165 134
81 165 126
81 165 159
81 134 126
81 134 165
81 134 159
81 159 126
81 159 165
81 159 134
