84 179 52
84 179 47
84 179 84
84 52 47
84 52 179
84 52 84
84 47 179
84 47 52
84 47 84
84 84 179
84 84 52
84 84 47
84 168 60
84 168 53
84 168 93
84 60 53
84 60 168
84 60 93
84 53 168
84 53 60
84 53 93
84 93 168
84 93 60
84 93 53
84 152 63
84 152 63
84 152 79
84 63 63
84 63 152
84 63 79
84 63 152
84 63 63
84 63 79
84 79 152
84 79 63
84 79 63
84 170 53
84 170 66
84 170 91
84 53 66
84 53 170
84 53 91
84 66 170
84 66 53
84 66 91
84 91 170
84 91 53
84 91 66
84 204 71
84 204 51
84 204 94
84 71 51
84 71 204
84 71 94
84 51 204
84 51 71
84 51 94
84 94 204
84 94 71
84 94 51
