99 118 102
99 118 94
99 118 87
99 102 94
99 102 118
99 102 87
99 94 118
99 94 102
99 94 87
99 87 118
99 87 102
99 87 94
99 135 77
99 135 70
99 135 88
99 77 70
99 77 135
99 77 88
99 70 135
99 70 77
99 70 88
99 88 135
99 88 77
99 88 70
99 124 64
99 124 86
99 124 101
99 64 86
99 64 124
99 64 101
99 86 124
99 86 64
99 86 101
99 101 124
99 101 64
99 101 86
99 99 53
99 99 80
99 99 92
99 53 80
99 53 99
99 53 92
99 80 99
99 80 53
99 80 92
99 92 99
99 92 53
99 92 80
99 108 82
99 108 86
99 108 111
99 82 86
99 82 108
99 82 111
99 86 108
99 86 82
99 86 111
99 111 108
99 111 82
99 111 86
