65 130 75
65 130 51
65 130 84
65 75 51
65 75 130
65 75 84
65 51 130
65 51 75
65 51 84
65 84 130
65 84 75
65 84 51
65 123 66
65 123 101
65 123 83
65 66 101
65 66 123
65 66 83
65 101 123
65 101 66
65 101 83
65 83 123
65 83 66
65 83 101
65 167 94
65 167 71
65 167 92
65 94 71
65 94 167
65 94 92
65 71 167
65 71 94
65 71 92
65 92 167
65 92 94
65 92 71
65 146 88
65 146 81
65 146 113
65 88 81
65 88 146
65 88 113
65 81 146
65 81 88
65 81 113
65 113 146
65 113 88
65 113 81
65 157 77
65 157 81
65 157 104
65 77 81
65 77 157
65 77 104
65 81 157
65 81 77
65 81 104
65 104 157
65 104 77
65 104 81
