97 169 70
97 169 72
97 169 106
97 70 72
97 70 169
97 70 106
97 72 169
97 72 70
97 72 106
97 106 169
97 106 70
97 106 72
97 113 79
97 113 81
97 113 89
97 79 81
97 79 113
97 79 89
97 81 113
97 81 79
97 81 89
97 89 113
97 89 79
97 89 81
97 131 94
97 131 86
97 131 105
97 94 86
97 94 131
97 94 105
97 86 131
97 86 94
97 86 105
97 105 131
97 105 94
97 105 86
97 166 74
97 166 82
97 166 79
97 74 82
97 74 166
97 74 79
97 82 166
97 82 74
97 82 79
97 79 166
97 79 74
97 79 82
97 158 87
97 158 90
97 158 105
97 87 90
97 87 158
97 87 105
97 90 158
97 90 87
97 90 105
97 105 158
97 105 87
97 105 90
