124 21 20
124 21 22
124 21 13
124 20 22
124 20 21
124 20 13
124 22 21
124 22 20
124 22 13
124 13 21
124 13 20
124 13 22
124 35 11
124 35 10
124 35 24
124 11 10
124 11 35
124 11 24
124 10 35
124 10 11
124 10 24
124 24 35
124 24 11
124 24 10
124 21 20
124 21 28
124 21 13
124 20 28
124 20 21
124 20 13
124 28 21
124 28 20
124 28 13
124 13 21
124 13 20
124 13 28
124 15 20
124 15 11
124 15 24
124 20 11
124 20 15
124 20 24
124 11 15
124 11 20
124 11 24
124 24 15
124 24 20
124 24 11
124 21 11
124 21 17
124 21 14
124 11 17
124 11 21
124 11 14
124 17 21
124 17 11
124 17 14
124 14 21
124 14 11
124 14 17
