56 92 133
56 92 117
56 92 113
56 133 117
56 133 92
56 133 113
56 117 92
56 117 133
56 117 113
56 113 92
56 113 133
56 113 117
56 80 118
56 80 109
56 80 116
56 118 109
56 118 80
56 118 116
56 109 80
56 109 118
56 109 116
56 116 80
56 116 118
56 116 109
56 70 97
56 70 117
56 70 112
56 97 117
56 97 70
56 97 112
56 117 70
56 117 97
56 117 112
56 112 70
56 112 97
56 112 117
56 99 85
56 99 95
56 99 88
56 85 95
56 85 99
56 85 88
56 95 99
56 95 85
56 95 88
56 88 99
56 88 85
56 88 95
56 101 61
56 101 77
56 101 98
56 61 77
56 61 101
56 61 98
56 77 101
56 77 61
56 77 98
56 98 101
56 98 61
56 98 77
