124 170 223
124 170 220
124 170 248
124 223 220
124 223 170
124 223 248
124 220 170
124 220 223
124 220 248
124 248 170
124 248 223
124 248 220
124 151 253
124 151 222
124 151 226
124 253 222
124 253 151
124 253 226
124 222 151
124 222 253
124 222 226
124 226 151
124 226 253
124 226 222
124 138 207
124 138 230
124 138 221
124 207 230
124 207 138
124 207 221
124 230 138
124 230 207
124 230 221
124 221 138
124 221 207
124 221 230
124 120 196
124 120 185
124 120 203
124 196 185
124 196 120
124 196 203
124 185 120
124 185 196
124 185 203
124 203 120
124 203 196
124 203 185
124 166 241
124 166 268
124 166 218
124 241 268
124 241 166
124 241 218
124 268 166
124 268 241
124 268 218
124 218 166
124 218 241
124 218 268
