80 424 179
80 424 170
80 424 229
80 179 170
80 179 424
80 179 229
80 170 424
80 170 179
80 170 229
80 229 424
80 229 179
80 229 170
80 361 136
80 361 181
80 361 216
80 136 181
80 136 361
80 136 216
80 181 361
80 181 136
80 181 216
80 216 361
80 216 136
80 216 181
80 379 159
80 379 192
80 379 180
80 159 192
80 159 379
80 159 180
80 192 379
80 192 159
80 192 180
80 180 379
80 180 159
80 180 192
80 320 157
80 320 167
80 320 208
80 157 167
80 157 320
80 157 208
80 167 320
80 167 157
80 167 208
80 208 320
80 208 157
80 208 167
80 381 168
80 381 154
80 381 229
80 168 154
80 168 381
80 168 229
80 154 381
80 154 168
80 154 229
80 229 381
80 229 168
80 229 154
