53 91 303
53 91 296
53 91 291
53 303 296
53 303 91
53 303 291
53 296 91
53 296 303
53 296 291
53 291 91
53 291 303
53 291 296
53 71 357
53 71 405
53 71 373
53 357 405
53 357 71
53 357 373
53 405 71
53 405 357
53 405 373
53 373 71
53 373 357
53 373 405
53 77 250
53 77 250
53 77 260
53 250 250
53 250 77
53 250 260
53 250 77
53 250 250
53 250 260
53 260 77
53 260 250
53 260 250
53 96 196
53 96 193
53 96 192
53 196 193
53 196 96
53 196 192
53 193 96
53 193 196
53 193 192
53 192 96
53 192 196
53 192 193
53 101 176
53 101 170
53 101 183
53 176 170
53 176 101
53 176 183
53 170 101
53 170 176
53 170 183
53 183 101
53 183 176
53 183 170
