127 93 101
127 93 109
127 93 123
127 101 109
127 101 93
127 101 123
127 109 93
127 109 101
127 109 123
127 123 93
127 123 101
127 123 109
127 77 101
127 77 100
127 77 103
127 101 100
127 101 77
127 101 103
127 100 77
127 100 101
127 100 103
127 103 77
127 103 101
127 103 100
127 95 89
127 95 124
127 95 125
127 89 124
127 89 95
127 89 125
127 124 95
127 124 89
127 124 125
127 125 95
127 125 89
127 125 124
127 116 64
127 116 90
127 116 92
127 64 90
127 64 116
127 64 92
127 90 116
127 90 64
127 90 92
127 92 116
127 92 64
127 92 90
127 104 64
127 104 78
127 104 84
127 64 78
127 64 104
127 64 84
127 78 104
127 78 64
127 78 84
127 84 104
127 84 64
127 84 78
