63 1540 628
63 1540 835
63 1540 1044
63 628 835
63 628 1540
63 628 1044
63 835 1540
63 835 628
63 835 1044
63 1044 1540
63 1044 628
63 1044 835
63 1473 894
63 1473 892
63 1473 1106
63 894 892
63 894 1473
63 894 1106
63 892 1473
63 892 894
63 892 1106
63 1106 1473
63 1106 894
63 1106 892
63 1161 792
63 1161 866
63 1161 892
63 792 866
63 792 1161
63 792 892
63 866 1161
63 866 792
63 866 892
63 892 1161
63 892 792
63 892 866
63 1947 1196
63 1947 1155
63 1947 1358
63 1196 1155
63 1196 1947
63 1196 1358
63 1155 1947
63 1155 1196
63 1155 1358
63 1358 1947
63 1358 1196
63 1358 1155
63 2030 760
63 2030 837
63 2030 1104
63 760 837
63 760 2030
63 760 1104
63 837 2030
63 837 760
63 837 1104
63 1104 2030
63 1104 760
63 1104 837
