78 214 94
78 214 81
78 214 117
78 94 81
78 94 214
78 94 117
78 81 214
78 81 94
78 81 117
78 117 214
78 117 94
78 117 81
78 207 86
78 207 94
78 207 94
78 86 94
78 86 207
78 86 94
78 94 207
78 94 86
78 94 94
78 94 207
78 94 86
78 94 94
78 205 76
78 205 71
78 205 102
78 76 71
78 76 205
78 76 102
78 71 205
78 71 76
78 71 102
78 102 205
78 102 76
78 102 71
78 212 86
78 212 87
78 212 77
78 86 87
78 86 212
78 86 77
78 87 212
78 87 86
78 87 77
78 77 212
78 77 86
78 77 87
78 158 65
78 158 78
78 158 73
78 65 78
78 65 158
78 65 73
78 78 158
78 78 65
78 78 73
78 73 158
78 73 65
78 73 78
