118 87 242
118 87 208
118 87 211
118 242 208
118 242 87
118 242 211
118 208 87
118 208 242
118 208 211
118 211 87
118 211 242
118 211 208
118 146 72
118 146 144
118 146 137
118 72 144
118 72 146
118 72 137
118 144 146
118 144 72
118 144 137
118 137 146
118 137 72
118 137 144
118 111 107
118 111 107
118 111 114
118 107 107
118 107 111
118 107 114
118 107 111
118 107 107
118 107 114
118 114 111
118 114 107
118 114 107
118 198 107
118 198 105
118 198 135
118 107 105
118 107 198
118 107 135
118 105 198
118 105 107
118 105 135
118 135 198
118 135 107
118 135 105
118 147 92
118 147 106
118 147 163
118 92 106
118 92 147
118 92 163
118 106 147
118 106 92
118 106 163
118 163 147
118 163 92
118 163 106
