63 63 42
63 63 60
63 63 72
63 42 60
63 42 63
63 42 72
63 60 63
63 60 42
63 60 72
63 72 63
63 72 42
63 72 60
63 42 82
63 42 79
63 42 88
63 82 79
63 82 42
63 82 88
63 79 42
63 79 82
63 79 88
63 88 42
63 88 82
63 88 79
63 51 75
63 51 87
63 51 85
63 75 87
63 75 51
63 75 85
63 87 51
63 87 75
63 87 85
63 85 51
63 85 75
63 85 87
63 52 55
63 52 59
63 52 63
63 55 59
63 55 52
63 55 63
63 59 52
63 59 55
63 59 63
63 63 52
63 63 55
63 63 59
63 61 58
63 61 74
63 61 45
63 58 74
63 58 61
63 58 45
63 74 61
63 74 58
63 74 45
63 45 61
63 45 58
63 45 74
