48 8 13
48 8 12
48 8 9
48 13 12
48 13 8
48 13 9
48 12 8
48 12 13
48 12 9
48 9 8
48 9 13
48 9 12
48 11 6
48 11 14
48 11 2
48 6 14
48 6 11
48 6 2
48 14 11
48 14 6
48 14 2
48 2 11
48 2 6
48 2 14
48 5 13
48 5 15
48 5 13
48 13 15
48 13 5
48 13 13
48 15 5
48 15 13
48 15 13
48 13 5
48 13 13
48 13 15
48 10 14
48 10 13
48 10 20
48 14 13
48 14 10
48 14 20
48 13 10
48 13 14
48 13 20
48 20 10
48 20 14
48 20 13
48 15 23
48 15 24
48 15 18
48 23 24
48 23 15
48 23 18
48 24 15
48 24 23
48 24 18
48 18 15
48 18 23
48 18 24
