107 65 226
107 65 271
107 65 231
107 226 271
107 226 65
107 226 231
107 271 65
107 271 226
107 271 231
107 231 65
107 231 226
107 231 271
107 74 147
107 74 138
107 74 120
107 147 138
107 147 74
107 147 120
107 138 74
107 138 147
107 138 120
107 120 74
107 120 147
107 120 138
107 83 190
107 83 159
107 83 148
107 190 159
107 190 83
107 190 148
107 159 83
107 159 190
107 159 148
107 148 83
107 148 190
107 148 159
107 71 137
107 71 122
107 71 150
107 137 122
107 137 71
107 137 150
107 122 71
107 122 137
107 122 150
107 150 71
107 150 137
107 150 122
107 60 148
107 60 168
107 60 183
107 148 168
107 148 60
107 148 183
107 168 60
107 168 148
107 168 183
107 183 60
107 183 148
107 183 168
