115 76 189
115 76 196
115 76 195
115 189 196
115 189 76
115 189 195
115 196 76
115 196 189
115 196 195
115 195 76
115 195 189
115 195 196
115 139 174
115 139 147
115 139 212
115 174 147
115 174 139
115 174 212
115 147 139
115 147 174
115 147 212
115 212 139
115 212 174
115 212 147
115 130 154
115 130 151
115 130 126
115 154 151
115 154 130
115 154 126
115 151 130
115 151 154
115 151 126
115 126 130
115 126 154
115 126 151
115 81 140
115 81 160
115 81 122
115 140 160
115 140 81
115 140 122
115 160 81
115 160 140
115 160 122
115 122 81
115 122 140
115 122 160
115 97 138
115 97 134
115 97 155
115 138 134
115 138 97
115 138 155
115 134 97
115 134 138
115 134 155
115 155 97
115 155 138
115 155 134
