116 97 139
116 97 162
116 97 183
116 139 162
116 139 97
116 139 183
116 162 97
116 162 139
116 162 183
116 183 97
116 183 139
116 183 162
116 111 137
116 111 173
116 111 171
116 137 173
116 137 111
116 137 171
116 173 111
116 173 137
116 173 171
116 171 111
116 171 137
116 171 173
116 86 159
116 86 141
116 86 153
116 159 141
116 159 86
116 159 153
116 141 86
116 141 159
116 141 153
116 153 86
116 153 159
116 153 141
116 89 137
116 89 117
116 89 146
116 137 117
116 137 89
116 137 146
116 117 89
116 117 137
116 117 146
116 146 89
116 146 137
116 146 117
116 101 169
116 101 149
116 101 154
116 169 149
116 169 101
116 169 154
116 149 101
116 149 169
116 149 154
116 154 101
116 154 169
116 154 149
