65 31 34
65 31 42
65 31 45
65 34 42
65 34 31
65 34 45
65 42 31
65 42 34
65 42 45
65 45 31
65 45 34
65 45 42
65 34 55
65 34 48
65 34 40
65 55 48
65 55 34
65 55 40
65 48 34
65 48 55
65 48 40
65 40 34
65 40 55
65 40 48
65 20 44
65 20 54
65 20 37
65 44 54
65 44 20
65 44 37
65 54 20
65 54 44
65 54 37
65 37 20
65 37 44
65 37 54
65 25 37
65 25 37
65 25 46
65 37 37
65 37 25
65 37 46
65 37 25
65 37 37
65 37 46
65 46 25
65 46 37
65 46 37
65 27 32
65 27 43
65 27 18
65 32 43
65 32 27
65 32 18
65 43 27
65 43 32
65 43 18
65 18 27
65 18 32
65 18 43
