47 43 131
47 43 126
47 43 133
47 131 126
47 131 43
47 131 133
47 126 43
47 126 131
47 126 133
47 133 43
47 133 131
47 133 126
47 38 104
47 38 94
47 38 100
47 104 94
47 104 38
47 104 100
47 94 38
47 94 104
47 94 100
47 100 38
47 100 104
47 100 94
47 42 114
47 42 116
47 42 96
47 114 116
47 114 42
47 114 96
47 116 42
47 116 114
47 116 96
47 96 42
47 96 114
47 96 116
47 26 175
47 26 164
47 26 160
47 175 164
47 175 26
47 175 160
47 164 26
47 164 175
47 164 160
47 160 26
47 160 175
47 160 164
47 39 264
47 39 244
47 39 269
47 264 244
47 264 39
47 264 269
47 244 39
47 244 264
47 244 269
47 269 39
47 269 264
47 269 244
