67 27 72
67 27 66
67 27 69
67 72 66
67 72 27
67 72 69
67 66 27
67 66 72
67 66 69
67 69 27
67 69 72
67 69 66
67 44 70
67 44 70
67 44 81
67 70 70
67 70 44
67 70 81
67 70 44
67 70 70
67 70 81
67 81 44
67 81 70
67 81 70
67 46 41
67 46 65
67 46 86
67 41 65
67 41 46
67 41 86
67 65 46
67 65 41
67 65 86
67 86 46
67 86 41
67 86 65
67 48 60
67 48 51
67 48 75
67 60 51
67 60 48
67 60 75
67 51 48
67 51 60
67 51 75
67 75 48
67 75 60
67 75 51
67 39 84
67 39 69
67 39 62
67 84 69
67 84 39
67 84 62
67 69 39
67 69 84
67 69 62
67 62 39
67 62 84
67 62 69
