124 13 12
124 13 29
124 13 27
124 12 29
124 12 13
124 12 27
124 29 13
124 29 12
124 29 27
124 27 13
124 27 12
124 27 29
124 12 23
124 12 17
124 12 33
124 23 17
124 23 12
124 23 33
124 17 12
124 17 23
124 17 33
124 33 12
124 33 23
124 33 17
124 15 29
124 15 30
124 15 47
124 29 30
124 29 15
124 29 47
124 30 15
124 30 29
124 30 47
124 47 15
124 47 29
124 47 30
124 14 29
124 14 21
124 14 20
124 29 21
124 29 14
124 29 20
124 21 14
124 21 29
124 21 20
124 20 14
124 20 29
124 20 21
124 7 20
124 7 18
124 7 22
124 20 18
124 20 7
124 20 22
124 18 7
124 18 20
124 18 22
124 22 7
124 22 20
124 22 18
