98 226 179
98 226 176
98 226 182
98 179 176
98 179 226
98 179 182
98 176 226
98 176 179
98 176 182
98 182 226
98 182 179
98 182 176
98 172 177
98 172 164
98 172 197
98 177 164
98 177 172
98 177 197
98 164 172
98 164 177
98 164 197
98 197 172
98 197 177
98 197 164
98 165 159
98 165 162
98 165 160
98 159 162
98 159 165
98 159 160
98 162 165
98 162 159
98 162 160
98 160 165
98 160 159
98 160 162
98 194 158
98 194 188
98 194 165
98 158 188
98 158 194
98 158 165
98 188 194
98 188 158
98 188 165
98 165 194
98 165 158
98 165 188
98 212 196
98 212 185
98 212 182
98 196 185
98 196 212
98 196 182
98 185 212
98 185 196
98 185 182
98 182 212
98 182 196
98 182 185
