84 171 86
84 171 74
84 171 86
84 86 74
84 86 171
84 86 86
84 74 171
84 74 86
84 74 86
84 86 171
84 86 86
84 86 74
84 120 87
84 120 97
84 120 70
84 87 97
84 87 120
84 87 70
84 97 120
84 97 87
84 97 70
84 70 120
84 70 87
84 70 97
84 148 65
84 148 55
84 148 74
84 65 55
84 65 148
84 65 74
84 55 148
84 55 65
84 55 74
84 74 148
84 74 65
84 74 55
84 181 63
84 181 56
84 181 100
84 63 56
84 63 181
84 63 100
84 56 181
84 56 63
84 56 100
84 100 181
84 100 63
84 100 56
84 177 79
84 177 77
84 177 106
84 79 77
84 79 177
84 79 106
84 77 177
84 77 79
84 77 106
84 106 177
84 106 79
84 106 77
