133 43 56
133 43 65
133 43 70
133 56 65
133 56 43
133 56 70
133 65 43
133 65 56
133 65 70
133 70 43
133 70 56
133 70 65
133 52 55
133 52 56
133 52 58
133 55 56
133 55 52
133 55 58
133 56 52
133 56 55
133 56 58
133 58 52
133 58 55
133 58 56
133 42 38
133 42 44
133 42 67
133 38 44
133 38 42
133 38 67
133 44 42
133 44 38
133 44 67
133 67 42
133 67 38
133 67 44
133 63 52
133 63 39
133 63 44
133 52 39
133 52 63
133 52 44
133 39 63
133 39 52
133 39 44
133 44 63
133 44 52
133 44 39
133 23 63
133 23 50
133 23 65
133 63 50
133 63 23
133 63 65
133 50 23
133 50 63
133 50 65
133 65 23
133 65 63
133 65 50
