121 198 158
121 198 169
121 198 172
121 158 169
121 158 198
121 158 172
121 169 198
121 169 158
121 169 172
121 172 198
121 172 158
121 172 169
121 162 175
121 162 137
121 162 151
121 175 137
121 175 162
121 175 151
121 137 162
121 137 175
121 137 151
121 151 162
121 151 175
121 151 137
121 158 150
121 158 149
121 158 144
121 150 149
121 150 158
121 150 144
121 149 158
121 149 150
121 149 144
121 144 158
121 144 150
121 144 149
121 214 157
121 214 126
121 214 172
121 157 126
121 157 214
121 157 172
121 126 214
121 126 157
121 126 172
121 172 214
121 172 157
121 172 126
121 169 144
121 169 155
121 169 160
121 144 155
121 144 169
121 144 160
121 155 169
121 155 144
121 155 160
121 160 169
121 160 144
121 160 155
