54 129 174
54 129 162
54 129 158
54 174 162
54 174 129
54 174 158
54 162 129
54 162 174
54 162 158
54 158 129
54 158 174
54 158 162
54 150 213
54 150 242
54 150 210
54 213 242
54 213 150
54 213 210
54 242 150
54 242 213
54 242 210
54 210 150
54 210 213
54 210 242
54 126 118
54 126 112
54 126 106
54 118 112
54 118 126
54 118 106
54 112 126
54 112 118
54 112 106
54 106 126
54 106 118
54 106 112
54 75 107
54 75 76
54 75 116
54 107 76
54 107 75
54 107 116
54 76 75
54 76 107
54 76 116
54 116 75
54 116 107
54 116 76
54 101 96
54 101 121
54 101 122
54 96 121
54 96 101
54 96 122
54 121 101
54 121 96
54 121 122
54 122 101
54 122 96
54 122 121
