94 39 26
94 39 27
94 39 26
94 26 27
94 26 39
94 26 26
94 27 39
94 27 26
94 27 26
94 26 39
94 26 26
94 26 27
94 45 17
94 45 18
94 45 43
94 17 18
94 17 45
94 17 43
94 18 45
94 18 17
94 18 43
94 43 45
94 43 17
94 43 18
94 36 26
94 36 33
94 36 28
94 26 33
94 26 36
94 26 28
94 33 36
94 33 26
94 33 28
94 28 36
94 28 26
94 28 33
94 28 17
94 28 11
94 28 14
94 17 11
94 17 28
94 17 14
94 11 28
94 11 17
94 11 14
94 14 28
94 14 17
94 14 11
94 30 15
94 30 21
94 30 19
94 15 21
94 15 30
94 15 19
94 21 30
94 21 15
94 21 19
94 19 30
94 19 15
94 19 21
