75 26 18
75 26 13
75 26 19
75 18 13
75 18 26
75 18 19
75 13 26
75 13 18
75 13 19
75 19 26
75 19 18
75 19 13
75 29 25
75 29 31
75 29 20
75 25 31
75 25 29
75 25 20
75 31 29
75 31 25
75 31 20
75 20 29
75 20 25
75 20 31
75 19 27
75 19 22
75 19 26
75 27 22
75 27 19
75 27 26
75 22 19
75 22 27
75 22 26
75 26 19
75 26 27
75 26 22
75 26 19
75 26 19
75 26 26
75 19 19
75 19 26
75 19 26
75 19 26
75 19 19
75 19 26
75 26 26
75 26 19
75 26 19
75 38 14
75 38 16
75 38 23
75 14 16
75 14 38
75 14 23
75 16 38
75 16 14
75 16 23
75 23 38
75 23 14
75 23 16
