82 51 74
82 51 70
82 51 83
82 74 70
82 74 51
82 74 83
82 70 51
82 70 74
82 70 83
82 83 51
82 83 74
82 83 70
82 57 63
82 57 85
82 57 68
82 63 85
82 63 57
82 63 68
82 85 57
82 85 63
82 85 68
82 68 57
82 68 63
82 68 85
82 66 77
82 66 54
82 66 92
82 77 54
82 77 66
82 77 92
82 54 66
82 54 77
82 54 92
82 92 66
82 92 77
82 92 54
82 66 66
82 66 80
82 66 69
82 66 80
82 66 66
82 66 69
82 80 66
82 80 66
82 80 69
82 69 66
82 69 66
82 69 80
82 78 82
82 78 72
82 78 65
82 82 72
82 82 78
82 82 65
82 72 78
82 72 82
82 72 65
82 65 78
82 65 82
82 65 72
