110 400 886
110 400 823
110 400 540
110 886 823
110 886 400
110 886 540
110 823 400
110 823 886
110 823 540
110 540 400
110 540 886
110 540 823
110 544 537
110 544 533
110 544 633
110 537 533
110 537 544
110 537 633
110 533 544
110 533 537
110 533 633
110 633 544
110 633 537
110 633 533
110 458 621
110 458 620
110 458 694
110 621 620
110 621 458
110 621 694
110 620 458
110 620 621
110 620 694
110 694 458
110 694 621
110 694 620
110 402 685
110 402 593
110 402 907
110 685 593
110 685 402
110 685 907
110 593 402
110 593 685
110 593 907
110 907 402
110 907 685
110 907 593
110 654 750
110 654 751
110 654 635
110 750 751
110 750 654
110 750 635
110 751 654
110 751 750
110 751 635
110 635 654
110 635 750
110 635 751
