135 53 108
135 53 106
135 53 103
135 108 106
135 108 53
135 108 103
135 106 53
135 106 108
135 106 103
135 103 53
135 103 108
135 103 106
135 120 101
135 120 90
135 120 129
135 101 90
135 101 120
135 101 129
135 90 120
135 90 101
135 90 129
135 129 120
135 129 101
135 129 90
135 107 80
135 107 39
135 107 61
135 80 39
135 80 107
135 80 61
135 39 107
135 39 80
135 39 61
135 61 107
135 61 80
135 61 39
135 67 82
135 67 76
135 67 75
135 82 76
135 82 67
135 82 75
135 76 67
135 76 82
135 76 75
135 75 67
135 75 82
135 75 76
135 63 50
135 63 42
135 63 37
135 50 42
135 50 63
135 50 37
135 42 63
135 42 50
135 42 37
135 37 63
135 37 50
135 37 42
