105 46 28
105 46 27
105 46 23
105 28 27
105 28 46
105 28 23
105 27 46
105 27 28
105 27 23
105 23 46
105 23 28
105 23 27
105 34 15
105 34 16
105 34 22
105 15 16
105 15 34
105 15 22
105 16 34
105 16 15
105 16 22
105 22 34
105 22 15
105 22 16
105 40 24
105 40 30
105 40 28
105 24 30
105 24 40
105 24 28
105 30 40
105 30 24
105 30 28
105 28 40
105 28 24
105 28 30
105 30 28
105 30 18
105 30 13
105 28 18
105 28 30
105 28 13
105 18 30
105 18 28
105 18 13
105 13 30
105 13 28
105 13 18
105 39 27
105 39 20
105 39 23
105 27 20
105 27 39
105 27 23
105 20 39
105 20 27
105 20 23
105 23 39
105 23 27
105 23 20
