133 159 70
133 159 53
133 159 102
133 70 53
133 70 159
133 70 102
133 53 159
133 53 70
133 53 102
133 102 159
133 102 70
133 102 53
133 144 80
133 144 62
133 144 80
133 80 62
133 80 144
133 80 80
133 62 144
133 62 80
133 62 80
133 80 144
133 80 80
133 80 62
133 99 67
133 99 83
133 99 72
133 67 83
133 67 99
133 67 72
133 83 99
133 83 67
133 83 72
133 72 99
133 72 67
133 72 83
133 164 79
133 164 86
133 164 102
133 79 86
133 79 164
133 79 102
133 86 164
133 86 79
133 86 102
133 102 164
133 102 79
133 102 86
133 117 74
133 117 46
133 117 76
133 74 46
133 74 117
133 74 76
133 46 117
133 46 74
133 46 76
133 76 117
133 76 74
133 76 46
