102 119 157
102 119 123
102 119 120
102 157 123
102 157 119
102 157 120
102 123 119
102 123 157
102 123 120
102 120 119
102 120 157
102 120 123
102 240 101
102 240 91
102 240 154
102 101 91
102 101 240
102 101 154
102 91 240
102 91 101
102 91 154
102 154 240
102 154 101
102 154 91
102 284 101
102 284 99
102 284 166
102 101 99
102 101 284
102 101 166
102 99 284
102 99 101
102 99 166
102 166 284
102 166 101
102 166 99
102 135 102
102 135 91
102 135 205
102 102 91
102 102 135
102 102 205
102 91 135
102 91 102
102 91 205
102 205 135
102 205 102
102 205 91
102 231 151
102 231 113
102 231 140
102 151 113
102 151 231
102 151 140
102 113 231
102 113 151
102 113 140
102 140 231
102 140 151
102 140 113
