132 130 82
132 130 71
132 130 74
132 82 71
132 82 130
132 82 74
132 71 130
132 71 82
132 71 74
132 74 130
132 74 82
132 74 71
132 119 84
132 119 105
132 119 117
132 84 105
132 84 119
132 84 117
132 105 119
132 105 84
132 105 117
132 117 119
132 117 84
132 117 105
132 117 84
132 117 104
132 117 100
132 84 104
132 84 117
132 84 100
132 104 117
132 104 84
132 104 100
132 100 117
132 100 84
132 100 104
132 116 65
132 116 57
132 116 88
132 65 57
132 65 116
132 65 88
132 57 116
132 57 65
132 57 88
132 88 116
132 88 65
132 88 57
132 156 80
132 156 74
132 156 70
132 80 74
132 80 156
132 80 70
132 74 156
132 74 80
132 74 70
132 70 156
132 70 80
132 70 74
