109 123 274
109 123 326
109 123 220
109 274 326
109 274 123
109 274 220
109 326 123
109 326 274
109 326 220
109 220 123
109 220 274
109 220 326
109 184 273
109 184 253
109 184 316
109 273 253
109 273 184
109 273 316
109 253 184
109 253 273
109 253 316
109 316 184
109 316 273
109 316 253
109 178 409
109 178 377
109 178 387
109 409 377
109 409 178
109 409 387
109 377 178
109 377 409
109 377 387
109 387 178
109 387 409
109 387 377
109 180 319
109 180 277
109 180 288
109 319 277
109 319 180
109 319 288
109 277 180
109 277 319
109 277 288
109 288 180
109 288 319
109 288 277
109 196 325
109 196 325
109 196 355
109 325 325
109 325 196
109 325 355
109 325 196
109 325 325
109 325 355
109 355 196
109 355 325
109 355 325
