54 47 139
54 47 118
54 47 119
54 139 118
54 139 47
54 139 119
54 118 47
54 118 139
54 118 119
54 119 47
54 119 139
54 119 118
54 66 205
54 66 154
54 66 192
54 205 154
54 205 66
54 205 192
54 154 66
54 154 205
54 154 192
54 192 66
54 192 205
54 192 154
54 51 101
54 51 111
54 51 108
54 101 111
54 101 51
54 101 108
54 111 51
54 111 101
54 111 108
54 108 51
54 108 101
54 108 111
54 75 81
54 75 103
54 75 100
54 81 103
54 81 75
54 81 100
54 103 75
54 103 81
54 103 100
54 100 75
54 100 81
54 100 103
54 63 88
54 63 62
54 63 80
54 88 62
54 88 63
54 88 80
54 62 63
54 62 88
54 62 80
54 80 63
54 80 88
54 80 62
