65 21 28
65 21 30
65 21 44
65 28 30
65 28 21
65 28 44
65 30 21
65 30 28
65 30 44
65 44 21
65 44 28
65 44 30
65 31 32
65 31 24
65 31 35
65 32 24
65 32 31
65 32 35
65 24 31
65 24 32
65 24 35
65 35 31
65 35 32
65 35 24
65 65 34
65 65 24
65 65 29
65 34 24
65 34 65
65 34 29
65 24 65
65 24 34
65 24 29
65 29 65
65 29 34
65 29 24
65 30 30
65 30 19
65 30 30
65 30 19
65 30 30
65 30 30
65 19 30
65 19 30
65 19 30
65 30 30
65 30 30
65 30 19
65 57 33
65 57 25
65 57 29
65 33 25
65 33 57
65 33 29
65 25 57
65 25 33
65 25 29
65 29 57
65 29 33
65 29 25
