133 114 87
133 114 71
133 114 105
133 87 71
133 87 114
133 87 105
133 71 114
133 71 87
133 71 105
133 105 114
133 105 87
133 105 71
133 175 126
133 175 110
133 175 161
133 126 110
133 126 175
133 126 161
133 110 175
133 110 126
133 110 161
133 161 175
133 161 126
133 161 110
133 149 79
133 149 63
133 149 109
133 79 63
133 79 149
133 79 109
133 63 149
133 63 79
133 63 109
133 109 149
133 109 79
133 109 63
133 92 74
133 92 78
133 92 112
133 74 78
133 74 92
133 74 112
133 78 92
133 78 74
133 78 112
133 112 92
133 112 74
133 112 78
133 79 89
133 79 73
133 79 140
133 89 73
133 89 79
133 89 140
133 73 79
133 73 89
133 73 140
133 140 79
133 140 89
133 140 73
