95 184 99
95 184 66
95 184 105
95 99 66
95 99 184
95 99 105
95 66 184
95 66 99
95 66 105
95 105 184
95 105 99
95 105 66
95 184 112
95 184 94
95 184 71
95 112 94
95 112 184
95 112 71
95 94 184
95 94 112
95 94 71
95 71 184
95 71 112
95 71 94
95 160 96
95 160 87
95 160 109
95 96 87
95 96 160
95 96 109
95 87 160
95 87 96
95 87 109
95 109 160
95 109 96
95 109 87
95 173 91
95 173 76
95 173 115
95 91 76
95 91 173
95 91 115
95 76 173
95 76 91
95 76 115
95 115 173
95 115 91
95 115 76
95 243 83
95 243 97
95 243 102
95 83 97
95 83 243
95 83 102
95 97 243
95 97 83
95 97 102
95 102 243
95 102 83
95 102 97
