101 235 101
101 235 83
101 235 104
101 101 83
101 101 235
101 101 104
101 83 235
101 83 101
101 83 104
101 104 235
101 104 101
101 104 83
101 238 72
101 238 77
101 238 94
101 72 77
101 72 238
101 72 94
101 77 238
101 77 72
101 77 94
101 94 238
101 94 72
101 94 77
101 195 86
101 195 109
101 195 89
101 86 109
101 86 195
101 86 89
101 109 195
101 109 86
101 109 89
101 89 195
101 89 86
101 89 109
101 208 88
101 208 74
101 208 112
101 88 74
101 88 208
101 88 112
101 74 208
101 74 88
101 74 112
101 112 208
101 112 88
101 112 74
101 211 75
101 211 86
101 211 84
101 75 86
101 75 211
101 75 84
101 86 211
101 86 75
101 86 84
101 84 211
101 84 75
101 84 86
