130 95 77
130 95 93
130 95 110
130 77 93
130 77 95
130 77 110
130 93 95
130 93 77
130 93 110
130 110 95
130 110 77
130 110 93
130 65 74
130 65 73
130 65 85
130 74 73
130 74 65
130 74 85
130 73 65
130 73 74
130 73 85
130 85 65
130 85 74
130 85 73
130 90 69
130 90 96
130 90 62
130 69 96
130 69 90
130 69 62
130 96 90
130 96 69
130 96 62
130 62 90
130 62 69
130 62 96
130 40 103
130 40 101
130 40 78
130 103 101
130 103 40
130 103 78
130 101 40
130 101 103
130 101 78
130 78 40
130 78 103
130 78 101
130 98 68
130 98 84
130 98 74
130 68 84
130 68 98
130 68 74
130 84 98
130 84 68
130 84 74
130 74 98
130 74 68
130 74 84
