92 105 71
92 105 61
92 105 92
92 71 61
92 71 105
92 71 92
92 61 105
92 61 71
92 61 92
92 92 105
92 92 71
92 92 61
92 73 59
92 73 51
92 73 71
92 59 51
92 59 73
92 59 71
92 51 73
92 51 59
92 51 71
92 71 73
92 71 59
92 71 51
92 81 91
92 81 72
92 81 64
92 91 72
92 91 81
92 91 64
92 72 81
92 72 91
92 72 64
92 64 81
92 64 91
92 64 72
92 107 66
92 107 72
92 107 98
92 66 72
92 66 107
92 66 98
92 72 107
92 72 66
92 72 98
92 98 107
92 98 66
92 98 72
92 76 69
92 76 87
92 76 103
92 69 87
92 69 76
92 69 103
92 87 76
92 87 69
92 87 103
92 103 76
92 103 69
92 103 87
