46 99 573
46 99 584
46 99 583
46 573 584
46 573 99
46 573 583
46 584 99
46 584 573
46 584 583
46 583 99
46 583 573
46 583 584
46 97 391
46 97 364
46 97 405
46 391 364
46 391 97
46 391 405
46 364 97
46 364 391
46 364 405
46 405 97
46 405 391
46 405 364
46 101 739
46 101 802
46 101 817
46 739 802
46 739 101
46 739 817
46 802 101
46 802 739
46 802 817
46 817 101
46 817 739
46 817 802
46 124 956
46 124 931
46 124 896
46 956 931
46 956 124
46 956 896
46 931 124
46 931 956
46 931 896
46 896 124
46 896 956
46 896 931
46 158 974
46 158 936
46 158 980
46 974 936
46 974 158
46 974 980
46 936 158
46 936 974
46 936 980
46 980 158
46 980 974
46 980 936
