115 28 41
115 28 20
115 28 29
115 41 20
115 41 28
115 41 29
115 20 28
115 20 41
115 20 29
115 29 28
115 29 41
115 29 20
115 47 37
115 47 29
115 47 30
115 37 29
115 37 47
115 37 30
115 29 47
115 29 37
115 29 30
115 30 47
115 30 37
115 30 29
115 32 25
115 32 31
115 32 30
115 25 31
115 25 32
115 25 30
115 31 32
115 31 25
115 31 30
115 30 32
115 30 25
115 30 31
115 32 31
115 32 35
115 32 32
115 31 35
115 31 32
115 31 32
115 35 32
115 35 31
115 35 32
115 32 32
115 32 31
115 32 35
115 33 25
115 33 12
115 33 22
115 25 12
115 25 33
115 25 22
115 12 33
115 12 25
115 12 22
115 22 33
115 22 25
115 22 12
