67 105 85
67 105 91
67 105 92
67 85 91
67 85 105
67 85 92
67 91 105
67 91 85
67 91 92
67 92 105
67 92 85
67 92 91
67 103 79
67 103 74
67 103 109
67 79 74
67 79 103
67 79 109
67 74 103
67 74 79
67 74 109
67 109 103
67 109 79
67 109 74
67 104 97
67 104 94
67 104 89
67 97 94
67 97 104
67 97 89
67 94 104
67 94 97
67 94 89
67 89 104
67 89 97
67 89 94
67 102 86
67 102 109
67 102 81
67 86 109
67 86 102
67 86 81
67 109 102
67 109 86
67 109 81
67 81 102
67 81 86
67 81 109
67 92 82
67 92 86
67 92 97
67 82 86
67 82 92
67 82 97
67 86 92
67 86 82
67 86 97
67 97 92
67 97 82
67 97 86
