111 99 119
111 99 146
111 99 124
111 119 146
111 119 99
111 119 124
111 146 99
111 146 119
111 146 124
111 124 99
111 124 119
111 124 146
111 83 200
111 83 161
111 83 218
111 200 161
111 200 83
111 200 218
111 161 83
111 161 200
111 161 218
111 218 83
111 218 200
111 218 161
111 92 156
111 92 160
111 92 182
111 156 160
111 156 92
111 156 182
111 160 92
111 160 156
111 160 182
111 182 92
111 182 156
111 182 160
111 83 133
111 83 126
111 83 111
111 133 126
111 133 83
111 133 111
111 126 83
111 126 133
111 126 111
111 111 83
111 111 133
111 111 126
111 100 101
111 100 126
111 100 99
111 101 126
111 101 100
111 101 99
111 126 100
111 126 101
111 126 99
111 99 100
111 99 101
111 99 126
