132 52 34
132 52 50
132 52 63
132 34 50
132 34 52
132 34 63
132 50 52
132 50 34
132 50 63
132 63 52
132 63 34
132 63 50
132 41 61
132 41 61
132 41 39
132 61 61
132 61 41
132 61 39
132 61 41
132 61 61
132 61 39
132 39 41
132 39 61
132 39 61
132 38 53
132 38 34
132 38 50
132 53 34
132 53 38
132 53 50
132 34 38
132 34 53
132 34 50
132 50 38
132 50 53
132 50 34
132 33 49
132 33 47
132 33 62
132 49 47
132 49 33
132 49 62
132 47 33
132 47 49
132 47 62
132 62 33
132 62 49
132 62 47
132 45 34
132 45 37
132 45 32
132 34 37
132 34 45
132 34 32
132 37 45
132 37 34
132 37 32
132 32 45
132 32 34
132 32 37
