58 125 156
58 125 143
58 125 165
58 156 143
58 156 125
58 156 165
58 143 125
58 143 156
58 143 165
58 165 125
58 165 156
58 165 143
58 126 158
58 126 133
58 126 182
58 158 133
58 158 126
58 158 182
58 133 126
58 133 158
58 133 182
58 182 126
58 182 158
58 182 133
58 113 161
58 113 136
58 113 129
58 161 136
58 161 113
58 161 129
58 136 113
58 136 161
58 136 129
58 129 113
58 129 161
58 129 136
58 98 150
58 98 144
58 98 138
58 150 144
58 150 98
58 150 138
58 144 98
58 144 150
58 144 138
58 138 98
58 138 150
58 138 144
58 128 126
58 128 130
58 128 126
58 126 130
58 126 128
58 126 126
58 130 128
58 130 126
58 130 126
58 126 128
58 126 126
58 126 130
