135 85 68
135 85 44
135 85 64
135 68 44
135 68 85
135 68 64
135 44 85
135 44 68
135 44 64
135 64 85
135 64 68
135 64 44
135 67 41
135 67 57
135 67 62
135 41 57
135 41 67
135 41 62
135 57 67
135 57 41
135 57 62
135 62 67
135 62 41
135 62 57
135 41 33
135 41 25
135 41 32
135 33 25
135 33 41
135 33 32
135 25 41
135 25 33
135 25 32
135 32 41
135 32 33
135 32 25
135 66 36
135 66 43
135 66 40
135 36 43
135 36 66
135 36 40
135 43 66
135 43 36
135 43 40
135 40 66
135 40 36
135 40 43
135 64 18
135 64 29
135 64 29
135 18 29
135 18 64
135 18 29
135 29 64
135 29 18
135 29 29
135 29 64
135 29 18
135 29 29
