92 78 33
92 78 28
92 78 54
92 33 28
92 33 78
92 33 54
92 28 78
92 28 33
92 28 54
92 54 78
92 54 33
92 54 28
92 100 33
92 100 33
92 100 38
92 33 33
92 33 100
92 33 38
92 33 100
92 33 33
92 33 38
92 38 100
92 38 33
92 38 33
92 102 45
92 102 49
92 102 36
92 45 49
92 45 102
92 45 36
92 49 102
92 49 45
92 49 36
92 36 102
92 36 45
92 36 49
92 78 44
92 78 35
92 78 43
92 44 35
92 44 78
92 44 43
92 35 78
92 35 44
92 35 43
92 43 78
92 43 44
92 43 35
92 79 41
92 79 36
92 79 52
92 41 36
92 41 79
92 41 52
92 36 79
92 36 41
92 36 52
92 52 79
92 52 41
92 52 36
