108 68 53
108 68 43
108 68 33
108 53 43
108 53 68
108 53 33
108 43 68
108 43 53
108 43 33
108 33 68
108 33 53
108 33 43
108 76 46
108 76 34
108 76 36
108 46 34
108 46 76
108 46 36
108 34 76
108 34 46
108 34 36
108 36 76
108 36 46
108 36 34
108 101 57
108 101 50
108 101 44
108 57 50
108 57 101
108 57 44
108 50 101
108 50 57
108 50 44
108 44 101
108 44 57
108 44 50
108 76 43
108 76 37
108 76 40
108 43 37
108 43 76
108 43 40
108 37 76
108 37 43
108 37 40
108 40 76
108 40 43
108 40 37
108 74 52
108 74 47
108 74 32
108 52 47
108 52 74
108 52 32
108 47 74
108 47 52
108 47 32
108 32 74
108 32 52
108 32 47
