103 159 185
103 159 163
103 159 191
103 185 163
103 185 159
103 185 191
103 163 159
103 163 185
103 163 191
103 191 159
103 191 185
103 191 163
103 122 128
103 122 200
103 122 200
103 128 200
103 128 122
103 128 200
103 200 122
103 200 128
103 200 200
103 200 122
103 200 128
103 200 200
103 173 279
103 173 244
103 173 306
103 279 244
103 279 173
103 279 306
103 244 173
103 244 279
103 244 306
103 306 173
103 306 279
103 306 244
103 163 328
103 163 265
103 163 292
103 328 265
103 328 163
103 328 292
103 265 163
103 265 328
103 265 292
103 292 163
103 292 328
103 292 265
103 119 295
103 119 298
103 119 321
103 295 298
103 295 119
103 295 321
103 298 119
103 298 295
103 298 321
103 321 119
103 321 295
103 321 298
