95 351 179
95 351 169
95 351 249
95 179 169
95 179 351
95 179 249
95 169 351
95 169 179
95 169 249
95 249 351
95 249 179
95 249 169
95 281 157
95 281 176
95 281 170
95 157 176
95 157 281
95 157 170
95 176 281
95 176 157
95 176 170
95 170 281
95 170 157
95 170 176
95 339 225
95 339 191
95 339 183
95 225 191
95 225 339
95 225 183
95 191 339
95 191 225
95 191 183
95 183 339
95 183 225
95 183 191
95 320 196
95 320 217
95 320 247
95 196 217
95 196 320
95 196 247
95 217 320
95 217 196
95 217 247
95 247 320
95 247 196
95 247 217
95 328 178
95 328 180
95 328 185
95 178 180
95 178 328
95 178 185
95 180 328
95 180 178
95 180 185
95 185 328
95 185 178
95 185 180
