118 32 17
118 32 24
118 32 23
118 17 24
118 17 32
118 17 23
118 24 32
118 24 17
118 24 23
118 23 32
118 23 17
118 23 24
118 55 26
118 55 21
118 55 33
118 26 21
118 26 55
118 26 33
118 21 55
118 21 26
118 21 33
118 33 55
118 33 26
118 33 21
118 44 29
118 44 15
118 44 29
118 29 15
118 29 44
118 29 29
118 15 44
118 15 29
118 15 29
118 29 44
118 29 29
118 29 15
118 26 37
118 26 29
118 26 22
118 37 29
118 37 26
118 37 22
118 29 26
118 29 37
118 29 22
118 22 26
118 22 37
118 22 29
118 27 40
118 27 21
118 27 30
118 40 21
118 40 27
118 40 30
118 21 27
118 21 40
118 21 30
118 30 27
118 30 40
118 30 21
