123 186 266
123 186 261
123 186 229
123 266 261
123 266 186
123 266 229
123 261 186
123 261 266
123 261 229
123 229 186
123 229 266
123 229 261
123 205 252
123 205 218
123 205 258
123 252 218
123 252 205
123 252 258
123 218 205
123 218 252
123 218 258
123 258 205
123 258 252
123 258 218
123 194 204
123 194 166
123 194 217
123 204 166
123 204 194
123 204 217
123 166 194
123 166 204
123 166 217
123 217 194
123 217 204
123 217 166
123 162 208
123 162 183
123 162 229
123 208 183
123 208 162
123 208 229
123 183 162
123 183 208
123 183 229
123 229 162
123 229 208
123 229 183
123 240 216
123 240 200
123 240 206
123 216 200
123 216 240
123 216 206
123 200 240
123 200 216
123 200 206
123 206 240
123 206 216
123 206 200
