112 114 136
112 114 158
112 114 154
112 136 158
112 136 114
112 136 154
112 158 114
112 158 136
112 158 154
112 154 114
112 154 136
112 154 158
112 104 168
112 104 191
112 104 184
112 168 191
112 168 104
112 168 184
112 191 104
112 191 168
112 191 184
112 184 104
112 184 168
112 184 191
112 107 115
112 107 144
112 107 134
112 115 144
112 115 107
112 115 134
112 144 107
112 144 115
112 144 134
112 134 107
112 134 115
112 134 144
112 89 112
112 89 87
112 89 106
112 112 87
112 112 89
112 112 106
112 87 89
112 87 112
112 87 106
112 106 89
112 106 112
112 106 87
112 102 116
112 102 119
112 102 119
112 116 119
112 116 102
112 116 119
112 119 102
112 119 116
112 119 119
112 119 102
112 119 116
112 119 119
