137 123 91
137 123 83
137 123 103
137 91 83
137 91 123
137 91 103
137 83 123
137 83 91
137 83 103
137 103 123
137 103 91
137 103 83
137 65 65
137 65 55
137 65 72
137 65 55
137 65 65
137 65 72
137 55 65
137 55 65
137 55 72
137 72 65
137 72 65
137 72 55
137 50 52
137 50 47
137 50 50
137 52 47
137 52 50
137 52 50
137 47 50
137 47 52
137 47 50
137 50 50
137 50 52
137 50 47
137 70 57
137 70 58
137 70 65
137 57 58
137 57 70
137 57 65
137 58 70
137 58 57
137 58 65
137 65 70
137 65 57
137 65 58
137 100 21
137 100 30
137 100 39
137 21 30
137 21 100
137 21 39
137 30 100
137 30 21
137 30 39
137 39 100
137 39 21
137 39 30
