83 113 54
83 113 39
83 113 48
83 54 39
83 54 113
83 54 48
83 39 113
83 39 54
83 39 48
83 48 113
83 48 54
83 48 39
83 139 46
83 139 52
83 139 46
83 46 52
83 46 139
83 46 46
83 52 139
83 52 46
83 52 46
83 46 139
83 46 46
83 46 52
83 136 53
83 136 50
83 136 70
83 53 50
83 53 136
83 53 70
83 50 136
83 50 53
83 50 70
83 70 136
83 70 53
83 70 50
83 114 45
83 114 53
83 114 62
83 45 53
83 45 114
83 45 62
83 53 114
83 53 45
83 53 62
83 62 114
83 62 45
83 62 53
83 110 59
83 110 40
83 110 59
83 59 40
83 59 110
83 59 59
83 40 110
83 40 59
83 40 59
83 59 110
83 59 59
83 59 40
