77 129 76
77 129 78
77 129 106
77 76 78
77 76 129
77 76 106
77 78 129
77 78 76
77 78 106
77 106 129
77 106 76
77 106 78
77 128 106
77 128 93
77 128 102
77 106 93
77 106 128
77 106 102
77 93 128
77 93 106
77 93 102
77 102 128
77 102 106
77 102 93
77 128 66
77 128 106
77 128 118
77 66 106
77 66 128
77 66 118
77 106 128
77 106 66
77 106 118
77 118 128
77 118 66
77 118 106
77 116 66
77 116 69
77 116 103
77 66 69
77 66 116
77 66 103
77 69 116
77 69 66
77 69 103
77 103 116
77 103 66
77 103 69
77 117 69
77 117 98
77 117 70
77 69 98
77 69 117
77 69 70
77 98 117
77 98 69
77 98 70
77 70 117
77 70 69
77 70 98
