121 69 107
121 69 109
121 69 105
121 107 109
121 107 69
121 107 105
121 109 69
121 109 107
121 109 105
121 105 69
121 105 107
121 105 109
121 54 98
121 54 76
121 54 92
121 98 76
121 98 54
121 98 92
121 76 54
121 76 98
121 76 92
121 92 54
121 92 98
121 92 76
121 70 96
121 70 91
121 70 85
121 96 91
121 96 70
121 96 85
121 91 70
121 91 96
121 91 85
121 85 70
121 85 96
121 85 91
121 49 69
121 49 92
121 49 85
121 69 92
121 69 49
121 69 85
121 92 49
121 92 69
121 92 85
121 85 49
121 85 69
121 85 92
121 71 114
121 71 125
121 71 78
121 114 125
121 114 71
121 114 78
121 125 71
121 125 114
121 125 78
121 78 71
121 78 114
121 78 125
