92 99 72
92 99 54
92 99 70
92 72 54
92 72 99
92 72 70
92 54 99
92 54 72
92 54 70
92 70 99
92 70 72
92 70 54
92 155 71
92 155 35
92 155 65
92 71 35
92 71 155
92 71 65
92 35 155
92 35 71
92 35 65
92 65 155
92 65 71
92 65 35
92 134 60
92 134 42
92 134 65
92 60 42
92 60 134
92 60 65
92 42 134
92 42 60
92 42 65
92 65 134
92 65 60
92 65 42
92 103 57
92 103 72
92 103 70
92 57 72
92 57 103
92 57 70
92 72 103
92 72 57
92 72 70
92 70 103
92 70 57
92 70 72
92 158 71
92 158 65
92 158 114
92 71 65
92 71 158
92 71 114
92 65 158
92 65 71
92 65 114
92 114 158
92 114 71
92 114 65
