42 34 78
42 34 75
42 34 102
42 78 75
42 78 34
42 78 102
42 75 34
42 75 78
42 75 102
42 102 34
42 102 78
42 102 75
42 29 43
42 29 36
42 29 73
42 43 36
42 43 29
42 43 73
42 36 29
42 36 43
42 36 73
42 73 29
42 73 43
42 73 36
42 51 89
42 51 92
42 51 112
42 89 92
42 89 51
42 89 112
42 92 51
42 92 89
42 92 112
42 112 51
42 112 89
42 112 92
42 68 101
42 68 118
42 68 127
42 101 118
42 101 68
42 101 127
42 118 68
42 118 101
42 118 127
42 127 68
42 127 101
42 127 118
42 57 148
42 57 161
42 57 172
42 148 161
42 148 57
42 148 172
42 161 57
42 161 148
42 161 172
42 172 57
42 172 148
42 172 161
