108 83 360
108 83 438
108 83 431
108 360 438
108 360 83
108 360 431
108 438 83
108 438 360
108 438 431
108 431 83
108 431 360
108 431 438
108 138 470
108 138 455
108 138 447
108 470 455
108 470 138
108 470 447
108 455 138
108 455 470
108 455 447
108 447 138
108 447 470
108 447 455
108 81 299
108 81 328
108 81 279
108 299 328
108 299 81
108 299 279
108 328 81
108 328 299
108 328 279
108 279 81
108 279 299
108 279 328
108 92 270
108 92 284
108 92 276
108 270 284
108 270 92
108 270 276
108 284 92
108 284 270
108 284 276
108 276 92
108 276 270
108 276 284
108 78 261
108 78 265
108 78 231
108 261 265
108 261 78
108 261 231
108 265 78
108 265 261
108 265 231
108 231 78
108 231 261
108 231 265
