94 205 159
94 205 129
94 205 119
94 159 129
94 159 205
94 159 119
94 129 205
94 129 159
94 129 119
94 119 205
94 119 159
94 119 129
94 206 130
94 206 145
94 206 159
94 130 145
94 130 206
94 130 159
94 145 206
94 145 130
94 145 159
94 159 206
94 159 130
94 159 145
94 207 146
94 207 135
94 207 134
94 146 135
94 146 207
94 146 134
94 135 207
94 135 146
94 135 134
94 134 207
94 134 146
94 134 135
94 205 146
94 205 104
94 205 147
94 146 104
94 146 205
94 146 147
94 104 205
94 104 146
94 104 147
94 147 205
94 147 146
94 147 104
94 203 166
94 203 141
94 203 133
94 166 141
94 166 203
94 166 133
94 141 203
94 141 166
94 141 133
94 133 203
94 133 166
94 133 141
