115 27 21
115 27 16
115 27 15
115 21 16
115 21 27
115 21 15
115 16 27
115 16 21
115 16 15
115 15 27
115 15 21
115 15 16
115 28 18
115 28 22
115 28 26
115 18 22
115 18 28
115 18 26
115 22 28
115 22 18
115 22 26
115 26 28
115 26 18
115 26 22
115 26 23
115 26 17
115 26 24
115 23 17
115 23 26
115 23 24
115 17 26
115 17 23
115 17 24
115 24 26
115 24 23
115 24 17
115 44 17
115 44 33
115 44 16
115 17 33
115 17 44
115 17 16
115 33 44
115 33 17
115 33 16
115 16 44
115 16 17
115 16 33
115 30 18
115 30 22
115 30 29
115 18 22
115 18 30
115 18 29
115 22 30
115 22 18
115 22 29
115 29 30
115 29 18
115 29 22
