46 46 95
46 46 101
46 46 101
46 95 101
46 95 46
46 95 101
46 101 46
46 101 95
46 101 101
46 101 46
46 101 95
46 101 101
46 31 51
46 31 65
46 31 82
46 51 65
46 51 31
46 51 82
46 65 31
46 65 51
46 65 82
46 82 31
46 82 51
46 82 65
46 23 164
46 23 143
46 23 187
46 164 143
46 164 23
46 164 187
46 143 23
46 143 164
46 143 187
46 187 23
46 187 164
46 187 143
46 31 131
46 31 138
46 31 104
46 131 138
46 131 31
46 131 104
46 138 31
46 138 131
46 138 104
46 104 31
46 104 131
46 104 138
46 46 173
46 46 184
46 46 170
46 173 184
46 173 46
46 173 170
46 184 46
46 184 173
46 184 170
46 170 46
46 170 173
46 170 184
