86 146 44
86 146 60
86 146 39
86 44 60
86 44 146
86 44 39
86 60 146
86 60 44
86 60 39
86 39 146
86 39 44
86 39 60
86 118 43
86 118 57
86 118 60
86 43 57
86 43 118
86 43 60
86 57 118
86 57 43
86 57 60
86 60 118
86 60 43
86 60 57
86 107 51
86 107 35
86 107 56
86 51 35
86 51 107
86 51 56
86 35 107
86 35 51
86 35 56
86 56 107
86 56 51
86 56 35
86 128 52
86 128 49
86 128 66
86 52 49
86 52 128
86 52 66
86 49 128
86 49 52
86 49 66
86 66 128
86 66 52
86 66 49
86 122 59
86 122 45
86 122 59
86 59 45
86 59 122
86 59 59
86 45 122
86 45 59
86 45 59
86 59 122
86 59 59
86 59 45
