56 48 36
56 48 40
56 48 47
56 36 40
56 36 48
56 36 47
56 40 48
56 40 36
56 40 47
56 47 48
56 47 36
56 47 40
56 28 40
56 28 42
56 28 48
56 40 42
56 40 28
56 40 48
56 42 28
56 42 40
56 42 48
56 48 28
56 48 40
56 48 42
56 36 66
56 36 59
56 36 50
56 66 59
56 66 36
56 66 50
56 59 36
56 59 66
56 59 50
56 50 36
56 50 66
56 50 59
56 48 33
56 48 28
56 48 28
56 33 28
56 33 48
56 33 28
56 28 48
56 28 33
56 28 28
56 28 48
56 28 33
56 28 28
56 52 64
56 52 55
56 52 60
56 64 55
56 64 52
56 64 60
56 55 52
56 55 64
56 55 60
56 60 52
56 60 64
56 60 55
