97 123 106
97 123 94
97 123 96
97 106 94
97 106 123
97 106 96
97 94 123
97 94 106
97 94 96
97 96 123
97 96 106
97 96 94
97 143 88
97 143 90
97 143 77
97 88 90
97 88 143
97 88 77
97 90 143
97 90 88
97 90 77
97 77 143
97 77 88
97 77 90
97 101 113
97 101 77
97 101 100
97 113 77
97 113 101
97 113 100
97 77 101
97 77 113
97 77 100
97 100 101
97 100 113
97 100 77
97 121 96
97 121 102
97 121 100
97 96 102
97 96 121
97 96 100
97 102 121
97 102 96
97 102 100
97 100 121
97 100 96
97 100 102
97 131 108
97 131 117
97 131 111
97 108 117
97 108 131
97 108 111
97 117 131
97 117 108
97 117 111
97 111 131
97 111 108
97 111 117
