98 592 196
98 592 163
98 592 177
98 196 163
98 196 592
98 196 177
98 163 592
98 163 196
98 163 177
98 177 592
98 177 196
98 177 163
98 796 154
98 796 156
98 796 120
98 154 156
98 154 796
98 154 120
98 156 796
98 156 154
98 156 120
98 120 796
98 120 154
98 120 156
98 713 171
98 713 155
98 713 260
98 171 155
98 171 713
98 171 260
98 155 713
98 155 171
98 155 260
98 260 713
98 260 171
98 260 155
98 585 163
98 585 180
98 585 115
98 163 180
98 163 585
98 163 115
98 180 585
98 180 163
98 180 115
98 115 585
98 115 163
98 115 180
98 886 156
98 886 161
98 886 165
98 156 161
98 156 886
98 156 165
98 161 886
98 161 156
98 161 165
98 165 886
98 165 156
98 165 161
