86 201 90
86 201 111
86 201 120
86 90 111
86 90 201
86 90 120
86 111 201
86 111 90
86 111 120
86 120 201
86 120 90
86 120 111
86 178 100
86 178 102
86 178 104
86 100 102
86 100 178
86 100 104
86 102 178
86 102 100
86 102 104
86 104 178
86 104 100
86 104 102
86 219 91
86 219 83
86 219 123
86 91 83
86 91 219
86 91 123
86 83 219
86 83 91
86 83 123
86 123 219
86 123 91
86 123 83
86 206 116
86 206 101
86 206 105
86 116 101
86 116 206
86 116 105
86 101 206
86 101 116
86 101 105
86 105 206
86 105 116
86 105 101
86 189 98
86 189 76
86 189 136
86 98 76
86 98 189
86 98 136
86 76 189
86 76 98
86 76 136
86 136 189
86 136 98
86 136 76
