109 144 350
109 144 356
109 144 305
109 350 356
109 350 144
109 350 305
109 356 144
109 356 350
109 356 305
109 305 144
109 305 350
109 305 356
109 200 214
109 200 242
109 200 258
109 214 242
109 214 200
109 214 258
109 242 200
109 242 214
109 242 258
109 258 200
109 258 214
109 258 242
109 203 362
109 203 329
109 203 366
109 362 329
109 362 203
109 362 366
109 329 203
109 329 362
109 329 366
109 366 203
109 366 362
109 366 329
109 143 415
109 143 327
109 143 367
109 415 327
109 415 143
109 415 367
109 327 143
109 327 415
109 327 367
109 367 143
109 367 415
109 367 327
109 195 305
109 195 322
109 195 354
109 305 322
109 305 195
109 305 354
109 322 195
109 322 305
109 322 354
109 354 195
109 354 305
109 354 322
