81 189 220
81 189 182
81 189 142
81 220 182
81 220 189
81 220 142
81 182 189
81 182 220
81 182 142
81 142 189
81 142 220
81 142 182
81 188 194
81 188 272
81 188 170
81 194 272
81 194 188
81 194 170
81 272 188
81 272 194
81 272 170
81 170 188
81 170 194
81 170 272
81 294 194
81 294 146
81 294 327
81 194 146
81 194 294
81 194 327
81 146 294
81 146 194
81 146 327
81 327 294
81 327 194
81 327 146
81 364 163
81 364 125
81 364 149
81 163 125
81 163 364
81 163 149
81 125 364
81 125 163
81 125 149
81 149 364
81 149 163
81 149 125
81 243 200
81 243 158
81 243 142
81 200 158
81 200 243
81 200 142
81 158 243
81 158 200
81 158 142
81 142 243
81 142 200
81 142 158
