115 62 126
115 62 121
115 62 121
115 126 121
115 126 62
115 126 121
115 121 62
115 121 126
115 121 121
115 121 62
115 121 126
115 121 121
115 77 98
115 77 103
115 77 113
115 98 103
115 98 77
115 98 113
115 103 77
115 103 98
115 103 113
115 113 77
115 113 98
115 113 103
115 39 62
115 39 84
115 39 97
115 62 84
115 62 39
115 62 97
115 84 39
115 84 62
115 84 97
115 97 39
115 97 62
115 97 84
115 36 76
115 36 70
115 36 76
115 76 70
115 76 36
115 76 76
115 70 36
115 70 76
115 70 76
115 76 36
115 76 76
115 76 70
115 61 84
115 61 79
115 61 59
115 84 79
115 84 61
115 84 59
115 79 61
115 79 84
115 79 59
115 59 61
115 59 84
115 59 79
