107 58 122
107 58 138
107 58 79
107 122 138
107 122 58
107 122 79
107 138 58
107 138 122
107 138 79
107 79 58
107 79 122
107 79 138
107 45 37
107 45 65
107 45 114
107 37 65
107 37 45
107 37 114
107 65 45
107 65 37
107 65 114
107 114 45
107 114 37
107 114 65
107 44 101
107 44 102
107 44 84
107 101 102
107 101 44
107 101 84
107 102 44
107 102 101
107 102 84
107 84 44
107 84 101
107 84 102
107 103 95
107 103 105
107 103 170
107 95 105
107 95 103
107 95 170
107 105 103
107 105 95
107 105 170
107 170 103
107 170 95
107 170 105
107 79 162
107 79 94
107 79 100
107 162 94
107 162 79
107 162 100
107 94 79
107 94 162
107 94 100
107 100 79
107 100 162
107 100 94
