56 118 125
56 118 131
56 118 137
56 125 131
56 125 118
56 125 137
56 131 118
56 131 125
56 131 137
56 137 118
56 137 125
56 137 131
56 109 144
56 109 145
56 109 167
56 144 145
56 144 109
56 144 167
56 145 109
56 145 144
56 145 167
56 167 109
56 167 144
56 167 145
56 141 123
56 141 113
56 141 123
56 123 113
56 123 141
56 123 123
56 113 141
56 113 123
56 113 123
56 123 141
56 123 123
56 123 113
56 105 83
56 105 118
56 105 108
56 83 118
56 83 105
56 83 108
56 118 105
56 118 83
56 118 108
56 108 105
56 108 83
56 108 118
56 103 77
56 103 73
56 103 94
56 77 73
56 77 103
56 77 94
56 73 103
56 73 77
56 73 94
56 94 103
56 94 77
56 94 73
