131 119 84
131 119 105
131 119 117
131 84 105
131 84 119
131 84 117
131 105 119
131 105 84
131 105 117
131 117 119
131 117 84
131 117 105
131 126 94
131 126 94
131 126 132
131 94 94
131 94 126
131 94 132
131 94 126
131 94 94
131 94 132
131 132 126
131 132 94
131 132 94
131 130 82
131 130 71
131 130 74
131 82 71
131 82 130
131 82 74
131 71 130
131 71 82
131 71 74
131 74 130
131 74 82
131 74 71
131 117 84
131 117 104
131 117 100
131 84 104
131 84 117
131 84 100
131 104 117
131 104 84
131 104 100
131 100 117
131 100 84
131 100 104
131 116 65
131 116 57
131 116 88
131 65 57
131 65 116
131 65 88
131 57 116
131 57 65
131 57 88
131 88 116
131 88 65
131 88 57
