62 199 154
62 199 153
62 199 199
62 154 153
62 154 199
62 154 199
62 153 199
62 153 154
62 153 199
62 199 199
62 199 154
62 199 153
62 219 163
62 219 137
62 219 176
62 163 137
62 163 219
62 163 176
62 137 219
62 137 163
62 137 176
62 176 219
62 176 163
62 176 137
62 263 181
62 263 145
62 263 182
62 181 145
62 181 263
62 181 182
62 145 263
62 145 181
62 145 182
62 182 263
62 182 181
62 182 145
62 303 202
62 303 157
62 303 192
62 202 157
62 202 303
62 202 192
62 157 303
62 157 202
62 157 192
62 192 303
62 192 202
62 192 157
62 224 186
62 224 120
62 224 159
62 186 120
62 186 224
62 186 159
62 120 224
62 120 186
62 120 159
62 159 224
62 159 186
62 159 120
