140 30 22
140 30 19
140 30 17
140 22 19
140 22 30
140 22 17
140 19 30
140 19 22
140 19 17
140 17 30
140 17 22
140 17 19
140 59 37
140 59 31
140 59 30
140 37 31
140 37 59
140 37 30
140 31 59
140 31 37
140 31 30
140 30 59
140 30 37
140 30 31
140 21 0
140 21 0
140 21 10
140 0 0
140 0 21
140 0 10
140 0 21
140 0 0
140 0 10
140 10 21
140 10 0
140 10 0
140 4 0
140 4 0
140 4 2
140 0 0
140 0 4
140 0 2
140 0 4
140 0 0
140 0 2
140 2 4
140 2 0
140 2 0
140 0 0
140 0 0
140 0 0
140 0 0
140 0 0
140 0 0
140 0 0
140 0 0
140 0 0
140 0 0
140 0 0
140 0 0
