89 98 53
89 98 42
89 98 54
89 53 42
89 53 98
89 53 54
89 42 98
89 42 53
89 42 54
89 54 98
89 54 53
89 54 42
89 63 65
89 63 40
89 63 43
89 65 40
89 65 63
89 65 43
89 40 63
89 40 65
89 40 43
89 43 63
89 43 65
89 43 40
89 101 57
89 101 54
89 101 55
89 57 54
89 57 101
89 57 55
89 54 101
89 54 57
89 54 55
89 55 101
89 55 57
89 55 54
89 79 57
89 79 55
89 79 50
89 57 55
89 57 79
89 57 50
89 55 79
89 55 57
89 55 50
89 50 79
89 50 57
89 50 55
89 82 70
89 82 77
89 82 64
89 70 77
89 70 82
89 70 64
89 77 82
89 77 70
89 77 64
89 64 82
89 64 70
89 64 77
