85 1289 493
85 1289 466
85 1289 543
85 493 466
85 493 1289
85 493 543
85 466 1289
85 466 493
85 466 543
85 543 1289
85 543 493
85 543 466
85 1112 444
85 1112 367
85 1112 539
85 444 367
85 444 1112
85 444 539
85 367 1112
85 367 444
85 367 539
85 539 1112
85 539 444
85 539 367
85 1327 465
85 1327 428
85 1327 609
85 465 428
85 465 1327
85 465 609
85 428 1327
85 428 465
85 428 609
85 609 1327
85 609 465
85 609 428
85 1467 520
85 1467 468
85 1467 634
85 520 468
85 520 1467
85 520 634
85 468 1467
85 468 520
85 468 634
85 634 1467
85 634 520
85 634 468
85 1302 527
85 1302 446
85 1302 643
85 527 446
85 527 1302
85 527 643
85 446 1302
85 446 527
85 446 643
85 643 1302
85 643 527
85 643 446
