76 200 120
76 200 127
76 200 123
76 120 127
76 120 200
76 120 123
76 127 200
76 127 120
76 127 123
76 123 200
76 123 120
76 123 127
76 182 105
76 182 122
76 182 131
76 105 122
76 105 182
76 105 131
76 122 182
76 122 105
76 122 131
76 131 182
76 131 105
76 131 122
76 162 109
76 162 109
76 162 141
76 109 109
76 109 162
76 109 141
76 109 162
76 109 109
76 109 141
76 141 162
76 141 109
76 141 109
76 173 114
76 173 94
76 173 127
76 114 94
76 114 173
76 114 127
76 94 173
76 94 114
76 94 127
76 127 173
76 127 114
76 127 94
76 150 115
76 150 141
76 150 123
76 115 141
76 115 150
76 115 123
76 141 150
76 141 115
76 141 123
76 123 150
76 123 115
76 123 141
