77 120 124
77 120 114
77 120 120
77 124 114
77 124 120
77 124 120
77 114 120
77 114 124
77 114 120
77 120 120
77 120 124
77 120 114
77 95 120
77 95 118
77 95 129
77 120 118
77 120 95
77 120 129
77 118 95
77 118 120
77 118 129
77 129 95
77 129 120
77 129 118
77 96 88
77 96 137
77 96 135
77 88 137
77 88 96
77 88 135
77 137 96
77 137 88
77 137 135
77 135 96
77 135 88
77 135 137
77 93 116
77 93 133
77 93 106
77 116 133
77 116 93
77 116 106
77 133 93
77 133 116
77 133 106
77 106 93
77 106 116
77 106 133
77 130 114
77 130 129
77 130 109
77 114 129
77 114 130
77 114 109
77 129 130
77 129 114
77 129 109
77 109 130
77 109 114
77 109 129
