114 80 158
114 80 146
114 80 156
114 158 146
114 158 80
114 158 156
114 146 80
114 146 158
114 146 156
114 156 80
114 156 158
114 156 146
114 97 191
114 97 155
114 97 176
114 191 155
114 191 97
114 191 176
114 155 97
114 155 191
114 155 176
114 176 97
114 176 191
114 176 155
114 119 104
114 119 103
114 119 98
114 104 103
114 104 119
114 104 98
114 103 119
114 103 104
114 103 98
114 98 119
114 98 104
114 98 103
114 56 86
114 56 102
114 56 101
114 86 102
114 86 56
114 86 101
114 102 56
114 102 86
114 102 101
114 101 56
114 101 86
114 101 102
114 102 98
114 102 90
114 102 108
114 98 90
114 98 102
114 98 108
114 90 102
114 90 98
114 90 108
114 108 102
114 108 98
114 108 90
