95 122 73
95 122 83
95 122 88
95 73 83
95 73 122
95 73 88
95 83 122
95 83 73
95 83 88
95 88 122
95 88 73
95 88 83
95 144 92
95 144 72
95 144 74
95 92 72
95 92 144
95 92 74
95 72 144
95 72 92
95 72 74
95 74 144
95 74 92
95 74 72
95 122 61
95 122 71
95 122 73
95 61 71
95 61 122
95 61 73
95 71 122
95 71 61
95 71 73
95 73 122
95 73 61
95 73 71
95 107 87
95 107 87
95 107 93
95 87 87
95 87 107
95 87 93
95 87 107
95 87 87
95 87 93
95 93 107
95 93 87
95 93 87
95 107 94
95 107 65
95 107 89
95 94 65
95 94 107
95 94 89
95 65 107
95 65 94
95 65 89
95 89 107
95 89 94
95 89 65
