45 63 100
45 63 118
45 63 134
45 100 118
45 100 63
45 100 134
45 118 63
45 118 100
45 118 134
45 134 63
45 134 100
45 134 118
45 48 99
45 48 84
45 48 70
45 99 84
45 99 48
45 99 70
45 84 48
45 84 99
45 84 70
45 70 48
45 70 99
45 70 84
45 116 254
45 116 202
45 116 201
45 254 202
45 254 116
45 254 201
45 202 116
45 202 254
45 202 201
45 201 116
45 201 254
45 201 202
45 107 292
45 107 287
45 107 266
45 292 287
45 292 107
45 292 266
45 287 107
45 287 292
45 287 266
45 266 107
45 266 292
45 266 287
45 160 413
45 160 301
45 160 344
45 413 301
45 413 160
45 413 344
45 301 160
45 301 413
45 301 344
45 344 160
45 344 413
45 344 301
