68 321 159
68 321 180
68 321 201
68 159 180
68 159 321
68 159 201
68 180 321
68 180 159
68 180 201
68 201 321
68 201 159
68 201 180
68 303 188
68 303 237
68 303 210
68 188 237
68 188 303
68 188 210
68 237 303
68 237 188
68 237 210
68 210 303
68 210 188
68 210 237
68 404 172
68 404 173
68 404 217
68 172 173
68 172 404
68 172 217
68 173 404
68 173 172
68 173 217
68 217 404
68 217 172
68 217 173
68 247 154
68 247 184
68 247 238
68 154 184
68 154 247
68 154 238
68 184 247
68 184 154
68 184 238
68 238 247
68 238 154
68 238 184
68 404 158
68 404 237
68 404 191
68 158 237
68 158 404
68 158 191
68 237 404
68 237 158
68 237 191
68 191 404
68 191 158
68 191 237
