136 131 136
136 131 130
136 131 136
136 136 130
136 136 131
136 136 136
136 130 131
136 130 136
136 130 136
136 136 131
136 136 136
136 136 130
136 132 86
136 132 81
136 132 142
136 86 81
136 86 132
136 86 142
136 81 132
136 81 86
136 81 142
136 142 132
136 142 86
136 142 81
136 104 112
136 104 97
136 104 92
136 112 97
136 112 104
136 112 92
136 97 104
136 97 112
136 97 92
136 92 104
136 92 112
136 92 97
136 79 48
136 79 54
136 79 62
136 48 54
136 48 79
136 48 62
136 54 79
136 54 48
136 54 62
136 62 79
136 62 48
136 62 54
136 88 37
136 88 38
136 88 39
136 37 38
136 37 88
136 37 39
136 38 88
136 38 37
136 38 39
136 39 88
136 39 37
136 39 38
