103 210 167
103 210 152
103 210 210
103 167 152
103 167 210
103 167 210
103 152 210
103 152 167
103 152 210
103 210 210
103 210 167
103 210 152
103 195 201
103 195 181
103 195 218
103 201 181
103 201 195
103 201 218
103 181 195
103 181 201
103 181 218
103 218 195
103 218 201
103 218 181
103 206 210
103 206 197
103 206 237
103 210 197
103 210 206
103 210 237
103 197 206
103 197 210
103 197 237
103 237 206
103 237 210
103 237 197
103 162 212
103 162 232
103 162 236
103 212 232
103 212 162
103 212 236
103 232 162
103 232 212
103 232 236
103 236 162
103 236 212
103 236 232
103 196 223
103 196 207
103 196 212
103 223 207
103 223 196
103 223 212
103 207 196
103 207 223
103 207 212
103 212 196
103 212 223
103 212 207
