70 33 28
70 33 31
70 33 35
70 28 31
70 28 33
70 28 35
70 31 33
70 31 28
70 31 35
70 35 33
70 35 28
70 35 31
70 34 35
70 34 41
70 34 43
70 35 41
70 35 34
70 35 43
70 41 34
70 41 35
70 41 43
70 43 34
70 43 35
70 43 41
70 49 40
70 49 30
70 49 30
70 40 30
70 40 49
70 40 30
70 30 49
70 30 40
70 30 30
70 30 49
70 30 40
70 30 30
70 30 30
70 30 47
70 30 53
70 30 47
70 30 30
70 30 53
70 47 30
70 47 30
70 47 53
70 53 30
70 53 30
70 53 47
70 27 20
70 27 53
70 27 36
70 20 53
70 20 27
70 20 36
70 53 27
70 53 20
70 53 36
70 36 27
70 36 20
70 36 53
