111 123 347
111 123 282
111 123 344
111 347 282
111 347 123
111 347 344
111 282 123
111 282 347
111 282 344
111 344 123
111 344 347
111 344 282
111 181 388
111 181 399
111 181 393
111 388 399
111 388 181
111 388 393
111 399 181
111 399 388
111 399 393
111 393 181
111 393 388
111 393 399
111 166 218
111 166 315
111 166 223
111 218 315
111 218 166
111 218 223
111 315 166
111 315 218
111 315 223
111 223 166
111 223 218
111 223 315
111 125 308
111 125 310
111 125 297
111 308 310
111 308 125
111 308 297
111 310 125
111 310 308
111 310 297
111 297 125
111 297 308
111 297 310
111 141 329
111 141 244
111 141 292
111 329 244
111 329 141
111 329 292
111 244 141
111 244 329
111 244 292
111 292 141
111 292 329
111 292 244
