104 286 142
104 286 118
104 286 114
104 142 118
104 142 286
104 142 114
104 118 286
104 118 142
104 118 114
104 114 286
104 114 142
104 114 118
104 232 108
104 232 109
104 232 88
104 108 109
104 108 232
104 108 88
104 109 232
104 109 108
104 109 88
104 88 232
104 88 108
104 88 109
104 282 153
104 282 102
104 282 152
104 153 102
104 153 282
104 153 152
104 102 282
104 102 153
104 102 152
104 152 282
104 152 153
104 152 102
104 191 190
104 191 190
104 191 160
104 190 190
104 190 191
104 190 160
104 190 191
104 190 190
104 190 160
104 160 191
104 160 190
104 160 190
104 176 227
104 176 201
104 176 214
104 227 201
104 227 176
104 227 214
104 201 176
104 201 227
104 201 214
104 214 176
104 214 227
104 214 201
