94 154 132
94 154 112
94 154 120
94 132 112
94 132 154
94 132 120
94 112 154
94 112 132
94 112 120
94 120 154
94 120 132
94 120 112
94 136 104
94 136 99
94 136 123
94 104 99
94 104 136
94 104 123
94 99 136
94 99 104
94 99 123
94 123 136
94 123 104
94 123 99
94 156 117
94 156 109
94 156 155
94 117 109
94 117 156
94 117 155
94 109 156
94 109 117
94 109 155
94 155 156
94 155 117
94 155 109
94 119 93
94 119 101
94 119 91
94 93 101
94 93 119
94 93 91
94 101 119
94 101 93
94 101 91
94 91 119
94 91 93
94 91 101
94 190 120
94 190 117
94 190 153
94 120 117
94 120 190
94 120 153
94 117 190
94 117 120
94 117 153
94 153 190
94 153 120
94 153 117
