94 220 89
94 220 108
94 220 116
94 89 108
94 89 220
94 89 116
94 108 220
94 108 89
94 108 116
94 116 220
94 116 89
94 116 108
94 214 104
94 214 89
94 214 101
94 104 89
94 104 214
94 104 101
94 89 214
94 89 104
94 89 101
94 101 214
94 101 104
94 101 89
94 169 110
94 169 100
94 169 114
94 110 100
94 110 169
94 110 114
94 100 169
94 100 110
94 100 114
94 114 169
94 114 110
94 114 100
94 200 108
94 200 86
94 200 126
94 108 86
94 108 200
94 108 126
94 86 200
94 86 108
94 86 126
94 126 200
94 126 108
94 126 86
94 186 107
94 186 118
94 186 130
94 107 118
94 107 186
94 107 130
94 118 186
94 118 107
94 118 130
94 130 186
94 130 107
94 130 118
