65 76 73
65 76 84
65 76 83
65 73 84
65 73 76
65 73 83
65 84 76
65 84 73
65 84 83
65 83 76
65 83 73
65 83 84
65 110 64
65 110 59
65 110 61
65 64 59
65 64 110
65 64 61
65 59 110
65 59 64
65 59 61
65 61 110
65 61 64
65 61 59
65 82 61
65 82 57
65 82 61
65 61 57
65 61 82
65 61 61
65 57 82
65 57 61
65 57 61
65 61 82
65 61 61
65 61 57
65 104 51
65 104 56
65 104 92
65 51 56
65 51 104
65 51 92
65 56 104
65 56 51
65 56 92
65 92 104
65 92 51
65 92 56
65 93 57
65 93 57
65 93 66
65 57 57
65 57 93
65 57 66
65 57 93
65 57 57
65 57 66
65 66 93
65 66 57
65 66 57
