74 40 16
74 40 26
74 40 24
74 16 26
74 16 40
74 16 24
74 26 40
74 26 16
74 26 24
74 24 40
74 24 16
74 24 26
74 32 24
74 32 38
74 32 13
74 24 38
74 24 32
74 24 13
74 38 32
74 38 24
74 38 13
74 13 32
74 13 24
74 13 38
74 33 38
74 33 36
74 33 15
74 38 36
74 38 33
74 38 15
74 36 33
74 36 38
74 36 15
74 15 33
74 15 38
74 15 36
74 43 27
74 43 34
74 43 18
74 27 34
74 27 43
74 27 18
74 34 43
74 34 27
74 34 18
74 18 43
74 18 27
74 18 34
74 51 26
74 51 22
74 51 50
74 26 22
74 26 51
74 26 50
74 22 51
74 22 26
74 22 50
74 50 51
74 50 26
74 50 22
