52 26 19
52 26 29
52 26 37
52 19 29
52 19 26
52 19 37
52 29 26
52 29 19
52 29 37
52 37 26
52 37 19
52 37 29
52 10 19
52 10 27
52 10 21
52 19 27
52 19 10
52 19 21
52 27 10
52 27 19
52 27 21
52 21 10
52 21 19
52 21 27
52 20 21
52 20 27
52 20 30
52 21 27
52 21 20
52 21 30
52 27 20
52 27 21
52 27 30
52 30 20
52 30 21
52 30 27
52 24 22
52 24 23
52 24 25
52 22 23
52 22 24
52 22 25
52 23 24
52 23 22
52 23 25
52 25 24
52 25 22
52 25 23
52 15 36
52 15 26
52 15 29
52 36 26
52 36 15
52 36 29
52 26 15
52 26 36
52 26 29
52 29 15
52 29 36
52 29 26
