61 71 55
61 71 54
61 71 62
61 55 54
61 55 71
61 55 62
61 54 71
61 54 55
61 54 62
61 62 71
61 62 55
61 62 54
61 100 35
61 100 38
61 100 53
61 35 38
61 35 100
61 35 53
61 38 100
61 38 35
61 38 53
61 53 100
61 53 35
61 53 38
61 94 45
61 94 42
61 94 68
61 45 42
61 45 94
61 45 68
61 42 94
61 42 45
61 42 68
61 68 94
61 68 45
61 68 42
61 73 38
61 73 37
61 73 39
61 38 37
61 38 73
61 38 39
61 37 73
61 37 38
61 37 39
61 39 73
61 39 38
61 39 37
61 99 33
61 99 31
61 99 65
61 33 31
61 33 99
61 33 65
61 31 99
61 31 33
61 31 65
61 65 99
61 65 33
61 65 31
