76 114 67
76 114 102
76 114 100
76 67 102
76 67 114
76 67 100
76 102 114
76 102 67
76 102 100
76 100 114
76 100 67
76 100 102
76 137 83
76 137 71
76 137 120
76 83 71
76 83 137
76 83 120
76 71 137
76 71 83
76 71 120
76 120 137
76 120 83
76 120 71
76 143 74
76 143 76
76 143 109
76 74 76
76 74 143
76 74 109
76 76 143
76 76 74
76 76 109
76 109 143
76 109 74
76 109 76
76 130 78
76 130 97
76 130 145
76 78 97
76 78 130
76 78 145
76 97 130
76 97 78
76 97 145
76 145 130
76 145 78
76 145 97
76 156 85
76 156 83
76 156 129
76 85 83
76 85 156
76 85 129
76 83 156
76 83 85
76 83 129
76 129 156
76 129 85
76 129 83
