140 588 33
140 588 12
140 588 83
140 33 12
140 33 588
140 33 83
140 12 588
140 12 33
140 12 83
140 83 588
140 83 33
140 83 12
140 1105 161
140 1105 139
140 1105 199
140 161 139
140 161 1105
140 161 199
140 139 1105
140 139 161
140 139 199
140 199 1105
140 199 161
140 199 139
140 475 14
140 475 18
140 475 75
140 14 18
140 14 475
140 14 75
140 18 475
140 18 14
140 18 75
140 75 475
140 75 14
140 75 18
140 153 0
140 153 2
140 153 16
140 0 2
140 0 153
140 0 16
140 2 153
140 2 0
140 2 16
140 16 153
140 16 0
140 16 2
140 30 0
140 30 0
140 30 6
140 0 0
140 0 30
140 0 6
140 0 30
140 0 0
140 0 6
140 6 30
140 6 0
140 6 0
