52 131 294
52 131 292
52 131 370
52 294 292
52 294 131
52 294 370
52 292 131
52 292 294
52 292 370
52 370 131
52 370 294
52 370 292
52 157 270
52 157 385
52 157 249
52 270 385
52 270 157
52 270 249
52 385 157
52 385 270
52 385 249
52 249 157
52 249 270
52 249 385
52 139 293
52 139 228
52 139 254
52 293 228
52 293 139
52 293 254
52 228 139
52 228 293
52 228 254
52 254 139
52 254 293
52 254 228
52 162 220
52 162 221
52 162 255
52 220 221
52 220 162
52 220 255
52 221 162
52 221 220
52 221 255
52 255 162
52 255 220
52 255 221
52 127 214
52 127 217
52 127 180
52 214 217
52 214 127
52 214 180
52 217 127
52 217 214
52 217 180
52 180 127
52 180 214
52 180 217
