51 103 712
51 103 727
51 103 710
51 712 727
51 712 103
51 712 710
51 727 103
51 727 712
51 727 710
51 710 103
51 710 712
51 710 727
51 102 738
51 102 820
51 102 734
51 738 820
51 738 102
51 738 734
51 820 102
51 820 738
51 820 734
51 734 102
51 734 738
51 734 820
51 118 877
51 118 775
51 118 854
51 877 775
51 877 118
51 877 854
51 775 118
51 775 877
51 775 854
51 854 118
51 854 877
51 854 775
51 153 1032
51 153 1066
51 153 951
51 1032 1066
51 1032 153
51 1032 951
51 1066 153
51 1066 1032
51 1066 951
51 951 153
51 951 1032
51 951 1066
51 117 861
51 117 827
51 117 783
51 861 827
51 861 117
51 861 783
51 827 117
51 827 861
51 827 783
51 783 117
51 783 861
51 783 827
