65 64 40
65 64 46
65 64 38
65 40 46
65 40 64
65 40 38
65 46 64
65 46 40
65 46 38
65 38 64
65 38 40
65 38 46
65 82 39
65 82 44
65 82 43
65 39 44
65 39 82
65 39 43
65 44 82
65 44 39
65 44 43
65 43 82
65 43 39
65 43 44
65 84 23
65 84 46
65 84 40
65 23 46
65 23 84
65 23 40
65 46 84
65 46 23
65 46 40
65 40 84
65 40 23
65 40 46
65 70 38
65 70 60
65 70 41
65 38 60
65 38 70
65 38 41
65 60 70
65 60 38
65 60 41
65 41 70
65 41 38
65 41 60
65 62 33
65 62 53
65 62 34
65 33 53
65 33 62
65 33 34
65 53 62
65 53 33
65 53 34
65 34 62
65 34 33
65 34 53
