49 52 438
49 52 430
49 52 432
49 438 430
49 438 52
49 438 432
49 430 52
49 430 438
49 430 432
49 432 52
49 432 438
49 432 430
49 41 314
49 41 313
49 41 300
49 314 313
49 314 41
49 314 300
49 313 41
49 313 314
49 313 300
49 300 41
49 300 314
49 300 313
49 66 329
49 66 392
49 66 352
49 329 392
49 329 66
49 329 352
49 392 66
49 392 329
49 392 352
49 352 66
49 352 329
49 352 392
49 77 344
49 77 334
49 77 335
49 344 334
49 344 77
49 344 335
49 334 77
49 334 344
49 334 335
49 335 77
49 335 344
49 335 334
49 68 377
49 68 395
49 68 368
49 377 395
49 377 68
49 377 368
49 395 68
49 395 377
49 395 368
49 368 68
49 368 377
49 368 395
