40 25 62
40 25 52
40 25 57
40 62 52
40 62 25
40 62 57
40 52 25
40 52 62
40 52 57
40 57 25
40 57 62
40 57 52
40 21 46
40 21 42
40 21 35
40 46 42
40 46 21
40 46 35
40 42 21
40 42 46
40 42 35
40 35 21
40 35 46
40 35 42
40 17 94
40 17 89
40 17 91
40 94 89
40 94 17
40 94 91
40 89 17
40 89 94
40 89 91
40 91 17
40 91 94
40 91 89
40 42 112
40 42 98
40 42 93
40 112 98
40 112 42
40 112 93
40 98 42
40 98 112
40 98 93
40 93 42
40 93 112
40 93 98
40 30 151
40 30 142
40 30 146
40 151 142
40 151 30
40 151 146
40 142 30
40 142 151
40 142 146
40 146 30
40 146 151
40 146 142
