136 38 34
136 38 40
136 38 31
136 34 40
136 34 38
136 34 31
136 40 38
136 40 34
136 40 31
136 31 38
136 31 34
136 31 40
136 64 44
136 64 17
136 64 39
136 44 17
136 44 64
136 44 39
136 17 64
136 17 44
136 17 39
136 39 64
136 39 44
136 39 17
136 33 15
136 33 29
136 33 31
136 15 29
136 15 33
136 15 31
136 29 33
136 29 15
136 29 31
136 31 33
136 31 15
136 31 29
136 21 11
136 21 6
136 21 8
136 11 6
136 11 21
136 11 8
136 6 21
136 6 11
136 6 8
136 8 21
136 8 11
136 8 6
136 13 5
136 13 11
136 13 10
136 5 11
136 5 13
136 5 10
136 11 13
136 11 5
136 11 10
136 10 13
136 10 5
136 10 11
