73 212 111
73 212 89
73 212 108
73 111 89
73 111 212
73 111 108
73 89 212
73 89 111
73 89 108
73 108 212
73 108 111
73 108 89
73 250 63
73 250 69
73 250 104
73 63 69
73 63 250
73 63 104
73 69 250
73 69 63
73 69 104
73 104 250
73 104 63
73 104 69
73 208 67
73 208 87
73 208 121
73 67 87
73 67 208
73 67 121
73 87 208
73 87 67
73 87 121
73 121 208
73 121 67
73 121 87
73 187 87
73 187 90
73 187 120
73 87 90
73 87 187
73 87 120
73 90 187
73 90 87
73 90 120
73 120 187
73 120 87
73 120 90
73 209 82
73 209 83
73 209 125
73 82 83
73 82 209
73 82 125
73 83 209
73 83 82
73 83 125
73 125 209
73 125 82
73 125 83
