96 1047 368
96 1047 278
96 1047 500
96 368 278
96 368 1047
96 368 500
96 278 1047
96 278 368
96 278 500
96 500 1047
96 500 368
96 500 278
96 1220 439
96 1220 383
96 1220 468
96 439 383
96 439 1220
96 439 468
96 383 1220
96 383 439
96 383 468
96 468 1220
96 468 439
96 468 383
96 950 378
96 950 348
96 950 442
96 378 348
96 378 950
96 378 442
96 348 950
96 348 378
96 348 442
96 442 950
96 442 378
96 442 348
96 876 353
96 876 344
96 876 430
96 353 344
96 353 876
96 353 430
96 344 876
96 344 353
96 344 430
96 430 876
96 430 353
96 430 344
96 858 332
96 858 346
96 858 430
96 332 346
96 332 858
96 332 430
96 346 858
96 346 332
96 346 430
96 430 858
96 430 332
96 430 346
