81 108 108
81 108 99
81 108 115
81 108 99
81 108 108
81 108 115
81 99 108
81 99 108
81 99 115
81 115 108
81 115 108
81 115 99
81 111 105
81 111 110
81 111 85
81 105 110
81 105 111
81 105 85
81 110 111
81 110 105
81 110 85
81 85 111
81 85 105
81 85 110
81 86 101
81 86 103
81 86 137
81 101 103
81 101 86
81 101 137
81 103 86
81 103 101
81 103 137
81 137 86
81 137 101
81 137 103
81 118 112
81 118 105
81 118 88
81 112 105
81 112 118
81 112 88
81 105 118
81 105 112
81 105 88
81 88 118
81 88 112
81 88 105
81 106 82
81 106 68
81 106 117
81 82 68
81 82 106
81 82 117
81 68 106
81 68 82
81 68 117
81 117 106
81 117 82
81 117 68
