112 166 218
112 166 315
112 166 223
112 218 315
112 218 166
112 218 223
112 315 166
112 315 218
112 315 223
112 223 166
112 223 218
112 223 315
112 123 347
112 123 282
112 123 344
112 347 282
112 347 123
112 347 344
112 282 123
112 282 347
112 282 344
112 344 123
112 344 347
112 344 282
112 125 308
112 125 310
112 125 297
112 308 310
112 308 125
112 308 297
112 310 125
112 310 308
112 310 297
112 297 125
112 297 308
112 297 310
112 141 329
112 141 244
112 141 292
112 329 244
112 329 141
112 329 292
112 244 141
112 244 329
112 244 292
112 292 141
112 292 329
112 292 244
112 119 185
112 119 232
112 119 171
112 185 232
112 185 119
112 185 171
112 232 119
112 232 185
112 232 171
112 171 119
112 171 185
112 171 232
