45 19 47
45 19 37
45 19 39
45 47 37
45 47 19
45 47 39
45 37 19
45 37 47
45 37 39
45 39 19
45 39 47
45 39 37
45 22 33
45 22 45
45 22 20
45 33 45
45 33 22
45 33 20
45 45 22
45 45 33
45 45 20
45 20 22
45 20 33
45 20 45
45 18 81
45 18 84
45 18 63
45 81 84
45 81 18
45 81 63
45 84 18
45 84 81
45 84 63
45 63 18
45 63 81
45 63 84
45 39 120
45 39 107
45 39 70
45 120 107
45 120 39
45 120 70
45 107 39
45 107 120
45 107 70
45 70 39
45 70 120
45 70 107
45 33 130
45 33 174
45 33 147
45 130 174
45 130 33
45 130 147
45 174 33
45 174 130
45 174 147
45 147 33
45 147 130
45 147 174
