107 162 395
107 162 386
107 162 331
107 395 386
107 395 162
107 395 331
107 386 162
107 386 395
107 386 331
107 331 162
107 331 395
107 331 386
107 308 255
107 308 216
107 308 274
107 255 216
107 255 308
107 255 274
107 216 308
107 216 255
107 216 274
107 274 308
107 274 255
107 274 216
107 282 375
107 282 396
107 282 406
107 375 396
107 375 282
107 375 406
107 396 282
107 396 375
107 396 406
107 406 282
107 406 375
107 406 396
107 198 425
107 198 348
107 198 436
107 425 348
107 425 198
107 425 436
107 348 198
107 348 425
107 348 436
107 436 198
107 436 425
107 436 348
107 298 410
107 298 396
107 298 326
107 410 396
107 410 298
107 410 326
107 396 298
107 396 410
107 396 326
107 326 298
107 326 410
107 326 396
