62 184 193
62 184 159
62 184 173
62 193 159
62 193 184
62 193 173
62 159 184
62 159 193
62 159 173
62 173 184
62 173 193
62 173 159
62 184 196
62 184 169
62 184 182
62 196 169
62 196 184
62 196 182
62 169 184
62 169 196
62 169 182
62 182 184
62 182 196
62 182 169
62 177 178
62 177 116
62 177 203
62 178 116
62 178 177
62 178 203
62 116 177
62 116 178
62 116 203
62 203 177
62 203 178
62 203 116
62 187 169
62 187 168
62 187 199
62 169 168
62 169 187
62 169 199
62 168 187
62 168 169
62 168 199
62 199 187
62 199 169
62 199 168
62 188 149
62 188 157
62 188 163
62 149 157
62 149 188
62 149 163
62 157 188
62 157 149
62 157 163
62 163 188
62 163 149
62 163 157
