120 1128 586
120 1128 512
120 1128 668
120 586 512
120 586 1128
120 586 668
120 512 1128
120 512 586
120 512 668
120 668 1128
120 668 586
120 668 512
120 1383 533
120 1383 486
120 1383 681
120 533 486
120 533 1383
120 533 681
120 486 1383
120 486 533
120 486 681
120 681 1383
120 681 533
120 681 486
120 1281 714
120 1281 596
120 1281 708
120 714 596
120 714 1281
120 714 708
120 596 1281
120 596 714
120 596 708
120 708 1281
120 708 714
120 708 596
120 1196 633
120 1196 539
120 1196 726
120 633 539
120 633 1196
120 633 726
120 539 1196
120 539 633
120 539 726
120 726 1196
120 726 633
120 726 539
120 1393 600
120 1393 570
120 1393 923
120 600 570
120 600 1393
120 600 923
120 570 1393
120 570 600
120 570 923
120 923 1393
120 923 600
120 923 570
