100 158 87
100 158 90
100 158 105
100 87 90
100 87 158
100 87 105
100 90 158
100 90 87
100 90 105
100 105 158
100 105 87
100 105 90
100 166 74
100 166 82
100 166 79
100 74 82
100 74 166
100 74 79
100 82 166
100 82 74
100 82 79
100 79 166
100 79 74
100 79 82
100 181 80
100 181 89
100 181 92
100 80 89
100 80 181
100 80 92
100 89 181
100 89 80
100 89 92
100 92 181
100 92 80
100 92 89
100 193 113
100 193 94
100 193 92
100 113 94
100 113 193
100 113 92
100 94 193
100 94 113
100 94 92
100 92 193
100 92 113
100 92 94
100 168 79
100 168 100
100 168 97
100 79 100
100 79 168
100 79 97
100 100 168
100 100 79
100 100 97
100 97 168
100 97 79
100 97 100
