100 226 101
100 226 124
100 226 138
100 101 124
100 101 226
100 101 138
100 124 226
100 124 101
100 124 138
100 138 226
100 138 101
100 138 124
100 180 136
100 180 118
100 180 100
100 136 118
100 136 180
100 136 100
100 118 180
100 118 136
100 118 100
100 100 180
100 100 136
100 100 118
100 175 113
100 175 116
100 175 131
100 113 116
100 113 175
100 113 131
100 116 175
100 116 113
100 116 131
100 131 175
100 131 113
100 131 116
100 178 116
100 178 108
100 178 140
100 116 108
100 116 178
100 116 140
100 108 178
100 108 116
100 108 140
100 140 178
100 140 116
100 140 108
100 216 116
100 216 154
100 216 174
100 116 154
100 116 216
100 116 174
100 154 216
100 154 116
100 154 174
100 174 216
100 174 116
100 174 154
