100 155 96
100 155 117
100 155 123
100 96 117
100 96 155
100 96 123
100 117 155
100 117 96
100 117 123
100 123 155
100 123 96
100 123 117
100 146 90
100 146 113
100 146 113
100 90 113
100 90 146
100 90 113
100 113 146
100 113 90
100 113 113
100 113 146
100 113 90
100 113 113
100 153 136
100 153 81
100 153 132
100 136 81
100 136 153
100 136 132
100 81 153
100 81 136
100 81 132
100 132 153
100 132 136
100 132 81
100 184 108
100 184 119
100 184 102
100 108 119
100 108 184
100 108 102
100 119 184
100 119 108
100 119 102
100 102 184
100 102 108
100 102 119
100 173 112
100 173 117
100 173 110
100 112 117
100 112 173
100 112 110
100 117 173
100 117 112
100 117 110
100 110 173
100 110 112
100 110 117
