94 126 79
94 126 91
94 126 48
94 79 91
94 79 126
94 79 48
94 91 126
94 91 79
94 91 48
94 48 126
94 48 79
94 48 91
94 92 86
94 92 90
94 92 42
94 86 90
94 86 92
94 86 42
94 90 92
94 90 86
94 90 42
94 42 92
94 42 86
94 42 90
94 214 71
94 214 92
94 214 127
94 71 92
94 71 214
94 71 127
94 92 214
94 92 71
94 92 127
94 127 214
94 127 71
94 127 92
94 226 66
94 226 62
94 226 66
94 66 62
94 66 226
94 66 66
94 62 226
94 62 66
94 62 66
94 66 226
94 66 66
94 66 62
94 151 60
94 151 102
94 151 62
94 60 102
94 60 151
94 60 62
94 102 151
94 102 60
94 102 62
94 62 151
94 62 60
94 62 102
