76 118 43
76 118 94
76 118 47
76 43 94
76 43 118
76 43 47
76 94 118
76 94 43
76 94 47
76 47 118
76 47 43
76 47 94
76 77 35
76 77 70
76 77 28
76 35 70
76 35 77
76 35 28
76 70 77
76 70 35
76 70 28
76 28 77
76 28 35
76 28 70
76 81 66
76 81 48
76 81 43
76 66 48
76 66 81
76 66 43
76 48 81
76 48 66
76 48 43
76 43 81
76 43 66
76 43 48
76 108 52
76 108 56
76 108 47
76 52 56
76 52 108
76 52 47
76 56 108
76 56 52
76 56 47
76 47 108
76 47 52
76 47 56
76 80 47
76 80 55
76 80 43
76 47 55
76 47 80
76 47 43
76 55 80
76 55 47
76 55 43
76 43 80
76 43 47
76 43 55
