84 362 167
84 362 180
84 362 232
84 167 180
84 167 362
84 167 232
84 180 362
84 180 167
84 180 232
84 232 362
84 232 167
84 232 180
84 320 176
84 320 168
84 320 200
84 176 168
84 176 320
84 176 200
84 168 320
84 168 176
84 168 200
84 200 320
84 200 176
84 200 168
84 369 202
84 369 192
84 369 179
84 202 192
84 202 369
84 202 179
84 192 369
84 192 202
84 192 179
84 179 369
84 179 202
84 179 192
84 380 180
84 380 169
84 380 189
84 180 169
84 180 380
84 180 189
84 169 380
84 169 180
84 169 189
84 189 380
84 189 180
84 189 169
84 386 177
84 386 155
84 386 248
84 177 155
84 177 386
84 177 248
84 155 386
84 155 177
84 155 248
84 248 386
84 248 177
84 248 155
