134 53 34
134 53 42
134 53 30
134 34 42
134 34 53
134 34 30
134 42 53
134 42 34
134 42 30
134 30 53
134 30 34
134 30 42
134 33 36
134 33 35
134 33 40
134 36 35
134 36 33
134 36 40
134 35 33
134 35 36
134 35 40
134 40 33
134 40 36
134 40 35
134 37 33
134 37 28
134 37 43
134 33 28
134 33 37
134 33 43
134 28 37
134 28 33
134 28 43
134 43 37
134 43 33
134 43 28
134 28 49
134 28 39
134 28 49
134 49 39
134 49 28
134 49 49
134 39 28
134 39 49
134 39 49
134 49 28
134 49 49
134 49 39
134 42 62
134 42 68
134 42 42
134 62 68
134 62 42
134 62 42
134 68 42
134 68 62
134 68 42
134 42 42
134 42 62
134 42 68
