132 226 165
132 226 133
132 226 164
132 165 133
132 165 226
132 165 164
132 133 226
132 133 165
132 133 164
132 164 226
132 164 165
132 164 133
132 295 167
132 295 141
132 295 261
132 167 141
132 167 295
132 167 261
132 141 295
132 141 167
132 141 261
132 261 295
132 261 167
132 261 141
132 261 135
132 261 146
132 261 178
132 135 146
132 135 261
132 135 178
132 146 261
132 146 135
132 146 178
132 178 261
132 178 135
132 178 146
132 230 169
132 230 101
132 230 191
132 169 101
132 169 230
132 169 191
132 101 230
132 101 169
132 101 191
132 191 230
132 191 169
132 191 101
132 207 155
132 207 134
132 207 189
132 155 134
132 155 207
132 155 189
132 134 207
132 134 155
132 134 189
132 189 207
132 189 155
132 189 134
