130 44 111
130 44 135
130 44 148
130 111 135
130 111 44
130 111 148
130 135 44
130 135 111
130 135 148
130 148 44
130 148 111
130 148 135
130 37 173
130 37 181
130 37 180
130 173 181
130 173 37
130 173 180
130 181 37
130 181 173
130 181 180
130 180 37
130 180 173
130 180 181
130 43 111
130 43 100
130 43 124
130 111 100
130 111 43
130 111 124
130 100 43
130 100 111
130 100 124
130 124 43
130 124 111
130 124 100
130 43 83
130 43 82
130 43 113
130 83 82
130 83 43
130 83 113
130 82 43
130 82 83
130 82 113
130 113 43
130 113 83
130 113 82
130 53 104
130 53 88
130 53 113
130 104 88
130 104 53
130 104 113
130 88 53
130 88 104
130 88 113
130 113 53
130 113 104
130 113 88
