68 76 74
68 76 67
68 76 59
68 74 67
68 74 76
68 74 59
68 67 76
68 67 74
68 67 59
68 59 76
68 59 74
68 59 67
68 53 57
68 53 46
68 53 66
68 57 46
68 57 53
68 57 66
68 46 53
68 46 57
68 46 66
68 66 53
68 66 57
68 66 46
68 101 71
68 101 81
68 101 60
68 71 81
68 71 101
68 71 60
68 81 101
68 81 71
68 81 60
68 60 101
68 60 71
68 60 81
68 116 79
68 116 78
68 116 98
68 79 78
68 79 116
68 79 98
68 78 116
68 78 79
68 78 98
68 98 116
68 98 79
68 98 78
68 77 69
68 77 72
68 77 56
68 69 72
68 69 77
68 69 56
68 72 77
68 72 69
68 72 56
68 56 77
68 56 69
68 56 72
