81 151 66
81 151 82
81 151 89
81 66 82
81 66 151
81 66 89
81 82 151
81 82 66
81 82 89
81 89 151
81 89 66
81 89 82
81 145 85
81 145 69
81 145 93
81 85 69
81 85 145
81 85 93
81 69 145
81 69 85
81 69 93
81 93 145
81 93 85
81 93 69
81 174 66
81 174 58
81 174 74
81 66 58
81 66 174
81 66 74
81 58 174
81 58 66
81 58 74
81 74 174
81 74 66
81 74 58
81 184 61
81 184 55
81 184 107
81 61 55
81 61 184
81 61 107
81 55 184
81 55 61
81 55 107
81 107 184
81 107 61
81 107 55
81 143 39
81 143 67
81 143 72
81 39 67
81 39 143
81 39 72
81 67 143
81 67 39
81 67 72
81 72 143
81 72 39
81 72 67
