125 91 102
125 91 99
125 91 109
125 102 99
125 102 91
125 102 109
125 99 91
125 99 102
125 99 109
125 109 91
125 109 102
125 109 99
125 102 90
125 102 115
125 102 90
125 90 115
125 90 102
125 90 90
125 115 102
125 115 90
125 115 90
125 90 102
125 90 90
125 90 115
125 136 96
125 136 100
125 136 106
125 96 100
125 96 136
125 96 106
125 100 136
125 100 96
125 100 106
125 106 136
125 106 96
125 106 100
125 74 87
125 74 84
125 74 77
125 87 84
125 87 74
125 87 77
125 84 74
125 84 87
125 84 77
125 77 74
125 77 87
125 77 84
125 90 149
125 90 86
125 90 102
125 149 86
125 149 90
125 149 102
125 86 90
125 86 149
125 86 102
125 102 90
125 102 149
125 102 86
