58 68 203
58 68 273
58 68 270
58 203 273
58 203 68
58 203 270
58 273 68
58 273 203
58 273 270
58 270 68
58 270 203
58 270 273
58 88 241
58 88 224
58 88 216
58 241 224
58 241 88
58 241 216
58 224 88
58 224 241
58 224 216
58 216 88
58 216 241
58 216 224
58 75 226
58 75 200
58 75 212
58 226 200
58 226 75
58 226 212
58 200 75
58 200 226
58 200 212
58 212 75
58 212 226
58 212 200
58 79 159
58 79 198
58 79 193
58 159 198
58 159 79
58 159 193
58 198 79
58 198 159
58 198 193
58 193 79
58 193 159
58 193 198
58 73 159
58 73 136
58 73 162
58 159 136
58 159 73
58 159 162
58 136 73
58 136 159
58 136 162
58 162 73
58 162 159
58 162 136
