108 111 147
108 111 118
108 111 144
108 147 118
108 147 111
108 147 144
108 118 111
108 118 147
108 118 144
108 144 111
108 144 147
108 144 118
108 106 127
108 106 126
108 106 120
108 127 126
108 127 106
108 127 120
108 126 106
108 126 127
108 126 120
108 120 106
108 120 127
108 120 126
108 100 95
108 100 97
108 100 97
108 95 97
108 95 100
108 95 97
108 97 100
108 97 95
108 97 97
108 97 100
108 97 95
108 97 97
108 124 88
108 124 99
108 124 80
108 88 99
108 88 124
108 88 80
108 99 124
108 99 88
108 99 80
108 80 124
108 80 88
108 80 99
108 91 116
108 91 94
108 91 105
108 116 94
108 116 91
108 116 105
108 94 91
108 94 116
108 94 105
108 105 91
108 105 116
108 105 94
