118 228 185
118 228 193
118 228 239
118 185 193
118 185 228
118 185 239
118 193 228
118 193 185
118 193 239
118 239 228
118 239 185
118 239 193
118 200 194
118 200 183
118 200 176
118 194 183
118 194 200
118 194 176
118 183 200
118 183 194
118 183 176
118 176 200
118 176 194
118 176 183
118 150 171
118 150 145
118 150 177
118 171 145
118 171 150
118 171 177
118 145 150
118 145 171
118 145 177
118 177 150
118 177 171
118 177 145
118 173 154
118 173 155
118 173 167
118 154 155
118 154 173
118 154 167
118 155 173
118 155 154
118 155 167
118 167 173
118 167 154
118 167 155
118 146 127
118 146 124
118 146 196
118 127 124
118 127 146
118 127 196
118 124 146
118 124 127
118 124 196
118 196 146
118 196 127
118 196 124
