74 65 36
74 65 25
74 65 54
74 36 25
74 36 65
74 36 54
74 25 65
74 25 36
74 25 54
74 54 65
74 54 36
74 54 25
74 49 30
74 49 38
74 49 23
74 30 38
74 30 49
74 30 23
74 38 49
74 38 30
74 38 23
74 23 49
74 23 30
74 23 38
74 58 36
74 58 34
74 58 20
74 36 34
74 36 58
74 36 20
74 34 58
74 34 36
74 34 20
74 20 58
74 20 36
74 20 34
74 74 24
74 74 37
74 74 42
74 24 37
74 24 74
74 24 42
74 37 74
74 37 24
74 37 42
74 42 74
74 42 24
74 42 37
74 41 36
74 41 28
74 41 27
74 36 28
74 36 41
74 36 27
74 28 41
74 28 36
74 28 27
74 27 41
74 27 36
74 27 28
