84 41 19
84 41 27
84 41 32
84 19 27
84 19 41
84 19 32
84 27 41
84 27 19
84 27 32
84 32 41
84 32 19
84 32 27
84 40 18
84 40 31
84 40 36
84 18 31
84 18 40
84 18 36
84 31 40
84 31 18
84 31 36
84 36 40
84 36 18
84 36 31
84 59 28
84 59 23
84 59 16
84 28 23
84 28 59
84 28 16
84 23 59
84 23 28
84 23 16
84 16 59
84 16 28
84 16 23
84 48 25
84 48 26
84 48 32
84 25 26
84 25 48
84 25 32
84 26 48
84 26 25
84 26 32
84 32 48
84 32 25
84 32 26
84 53 22
84 53 24
84 53 25
84 22 24
84 22 53
84 22 25
84 24 53
84 24 22
84 24 25
84 25 53
84 25 22
84 25 24
