115 204 246
115 204 361
115 204 364
115 246 361
115 246 204
115 246 364
115 361 204
115 361 246
115 361 364
115 364 204
115 364 246
115 364 361
115 272 364
115 272 297
115 272 269
115 364 297
115 364 272
115 364 269
115 297 272
115 297 364
115 297 269
115 269 272
115 269 364
115 269 297
115 254 286
115 254 253
115 254 299
115 286 253
115 286 254
115 286 299
115 253 254
115 253 286
115 253 299
115 299 254
115 299 286
115 299 253
115 229 231
115 229 215
115 229 238
115 231 215
115 231 229
115 231 238
115 215 229
115 215 231
115 215 238
115 238 229
115 238 231
115 238 215
115 221 292
115 221 208
115 221 245
115 292 208
115 292 221
115 292 245
115 208 221
115 208 292
115 208 245
115 245 221
115 245 292
115 245 208
