88 155 106
88 155 103
88 155 122
88 106 103
88 106 155
88 106 122
88 103 155
88 103 106
88 103 122
88 122 155
88 122 106
88 122 103
88 132 122
88 132 129
88 132 134
88 122 129
88 122 132
88 122 134
88 129 132
88 129 122
88 129 134
88 134 132
88 134 122
88 134 129
88 186 130
88 186 102
88 186 108
88 130 102
88 130 186
88 130 108
88 102 186
88 102 130
88 102 108
88 108 186
88 108 130
88 108 102
88 157 135
88 157 90
88 157 117
88 135 90
88 135 157
88 135 117
88 90 157
88 90 135
88 90 117
88 117 157
88 117 135
88 117 90
88 177 133
88 177 97
88 177 138
88 133 97
88 133 177
88 133 138
88 97 177
88 97 133
88 97 138
88 138 177
88 138 133
88 138 97
