122 167 122
122 167 126
122 167 125
122 122 126
122 122 167
122 122 125
122 126 167
122 126 122
122 126 125
122 125 167
122 125 122
122 125 126
122 146 127
122 146 124
122 146 196
122 127 124
122 127 146
122 127 196
122 124 146
122 124 127
122 124 196
122 196 146
122 196 127
122 196 124
122 166 102
122 166 125
122 166 123
122 102 125
122 102 166
122 102 123
122 125 166
122 125 102
122 125 123
122 123 166
122 123 102
122 123 125
122 176 111
122 176 128
122 176 127
122 111 128
122 111 176
122 111 127
122 128 176
122 128 111
122 128 127
122 127 176
122 127 111
122 127 128
122 132 103
122 132 123
122 132 158
122 103 123
122 103 132
122 103 158
122 123 132
122 123 103
122 123 158
122 158 132
122 158 103
122 158 123
