110 166 259
110 166 229
110 166 248
110 259 229
110 259 166
110 259 248
110 229 166
110 229 259
110 229 248
110 248 166
110 248 259
110 248 229
110 148 352
110 148 357
110 148 188
110 352 357
110 352 148
110 352 188
110 357 148
110 357 352
110 357 188
110 188 148
110 188 352
110 188 357
110 237 239
110 237 205
110 237 272
110 239 205
110 239 237
110 239 272
110 205 237
110 205 239
110 205 272
110 272 237
110 272 239
110 272 205
110 147 339
110 147 366
110 147 232
110 339 366
110 339 147
110 339 232
110 366 147
110 366 339
110 366 232
110 232 147
110 232 339
110 232 366
110 149 257
110 149 249
110 149 282
110 257 249
110 257 149
110 257 282
110 249 149
110 249 257
110 249 282
110 282 149
110 282 257
110 282 249
