55 80 163
55 80 191
55 80 195
55 163 191
55 163 80
55 163 195
55 191 80
55 191 163
55 191 195
55 195 80
55 195 163
55 195 191
55 69 233
55 69 219
55 69 194
55 233 219
55 233 69
55 233 194
55 219 69
55 219 233
55 219 194
55 194 69
55 194 233
55 194 219
55 89 114
55 89 172
55 89 170
55 114 172
55 114 89
55 114 170
55 172 89
55 172 114
55 172 170
55 170 89
55 170 114
55 170 172
55 84 145
55 84 101
55 84 124
55 145 101
55 145 84
55 145 124
55 101 84
55 101 145
55 101 124
55 124 84
55 124 145
55 124 101
55 119 124
55 119 136
55 119 130
55 124 136
55 124 119
55 124 130
55 136 119
55 136 124
55 136 130
55 130 119
55 130 124
55 130 136
