139 149 67
139 149 58
139 149 97
139 67 58
139 67 149
139 67 97
139 58 149
139 58 67
139 58 97
139 97 149
139 97 67
139 97 58
139 220 93
139 220 101
139 220 105
139 93 101
139 93 220
139 93 105
139 101 220
139 101 93
139 101 105
139 105 220
139 105 93
139 105 101
139 40 13
139 40 19
139 40 45
139 13 19
139 13 40
139 13 45
139 19 40
139 19 13
139 19 45
139 45 40
139 45 13
139 45 19
139 16 2
139 16 7
139 16 0
139 2 7
139 2 16
139 2 0
139 7 16
139 7 2
139 7 0
139 0 16
139 0 2
139 0 7
139 4 2
139 4 0
139 4 0
139 2 0
139 2 4
139 2 0
139 0 4
139 0 2
139 0 0
139 0 4
139 0 2
139 0 0
