69 118 72
69 118 66
69 118 55
69 72 66
69 72 118
69 72 55
69 66 118
69 66 72
69 66 55
69 55 118
69 55 72
69 55 66
69 99 49
69 99 51
69 99 62
69 49 51
69 49 99
69 49 62
69 51 99
69 51 49
69 51 62
69 62 99
69 62 49
69 62 51
69 94 92
69 94 68
69 94 80
69 92 68
69 92 94
69 92 80
69 68 94
69 68 92
69 68 80
69 80 94
69 80 92
69 80 68
69 95 72
69 95 81
69 95 57
69 72 81
69 72 95
69 72 57
69 81 95
69 81 72
69 81 57
69 57 95
69 57 72
69 57 81
69 132 73
69 132 68
69 132 56
69 73 68
69 73 132
69 73 56
69 68 132
69 68 73
69 68 56
69 56 132
69 56 73
69 56 68
