109 51 96
109 51 111
109 51 98
109 96 111
109 96 51
109 96 98
109 111 51
109 111 96
109 111 98
109 98 51
109 98 96
109 98 111
109 37 61
109 37 96
109 37 99
109 61 96
109 61 37
109 61 99
109 96 37
109 96 61
109 96 99
109 99 37
109 99 61
109 99 96
109 44 84
109 44 64
109 44 94
109 84 64
109 84 44
109 84 94
109 64 44
109 64 84
109 64 94
109 94 44
109 94 84
109 94 64
109 54 64
109 54 83
109 54 87
109 64 83
109 64 54
109 64 87
109 83 54
109 83 64
109 83 87
109 87 54
109 87 64
109 87 83
109 38 68
109 38 63
109 38 53
109 68 63
109 68 38
109 68 53
109 63 38
109 63 68
109 63 53
109 53 38
109 53 68
109 53 63
