94 1062 398
94 1062 420
94 1062 453
94 398 420
94 398 1062
94 398 453
94 420 1062
94 420 398
94 420 453
94 453 1062
94 453 398
94 453 420
94 1170 361
94 1170 324
94 1170 464
94 361 324
94 361 1170
94 361 464
94 324 1170
94 324 361
94 324 464
94 464 1170
94 464 361
94 464 324
94 1220 439
94 1220 383
94 1220 468
94 439 383
94 439 1220
94 439 468
94 383 1220
94 383 439
94 383 468
94 468 1220
94 468 439
94 468 383
94 1047 368
94 1047 278
94 1047 500
94 368 278
94 368 1047
94 368 500
94 278 1047
94 278 368
94 278 500
94 500 1047
94 500 368
94 500 278
94 950 378
94 950 348
94 950 442
94 378 348
94 378 950
94 378 442
94 348 950
94 348 378
94 348 442
94 442 950
94 442 378
94 442 348
