120 84 128
120 84 141
120 84 82
120 128 141
120 128 84
120 128 82
120 141 84
120 141 128
120 141 82
120 82 84
120 82 128
120 82 141
120 50 100
120 50 92
120 50 128
120 100 92
120 100 50
120 100 128
120 92 50
120 92 100
120 92 128
120 128 50
120 128 100
120 128 92
120 95 82
120 95 31
120 95 85
120 82 31
120 82 95
120 82 85
120 31 95
120 31 82
120 31 85
120 85 95
120 85 82
120 85 31
120 62 78
120 62 118
120 62 105
120 78 118
120 78 62
120 78 105
120 118 62
120 118 78
120 118 105
120 105 62
120 105 78
120 105 118
120 86 83
120 86 81
120 86 112
120 83 81
120 83 86
120 83 112
120 81 86
120 81 83
120 81 112
120 112 86
120 112 83
120 112 81
