92 179 64
92 179 68
92 179 117
92 64 68
92 64 179
92 64 117
92 68 179
92 68 64
92 68 117
92 117 179
92 117 64
92 117 68
92 134 69
92 134 83
92 134 98
92 69 83
92 69 134
92 69 98
92 83 134
92 83 69
92 83 98
92 98 134
92 98 69
92 98 83
92 166 76
92 166 56
92 166 113
92 76 56
92 76 166
92 76 113
92 56 166
92 56 76
92 56 113
92 113 166
92 113 76
92 113 56
92 189 83
92 189 72
92 189 104
92 83 72
92 83 189
92 83 104
92 72 189
92 72 83
92 72 104
92 104 189
92 104 83
92 104 72
92 189 87
92 189 85
92 189 95
92 87 85
92 87 189
92 87 95
92 85 189
92 85 87
92 85 95
92 95 189
92 95 87
92 95 85
