63 60 46
63 60 52
63 60 52
63 46 52
63 46 60
63 46 52
63 52 60
63 52 46
63 52 52
63 52 60
63 52 46
63 52 52
63 63 52
63 63 68
63 63 60
63 52 68
63 52 63
63 52 60
63 68 63
63 68 52
63 68 60
63 60 63
63 60 52
63 60 68
63 90 48
63 90 44
63 90 48
63 48 44
63 48 90
63 48 48
63 44 90
63 44 48
63 44 48
63 48 90
63 48 48
63 48 44
63 79 54
63 79 59
63 79 61
63 54 59
63 54 79
63 54 61
63 59 79
63 59 54
63 59 61
63 61 79
63 61 54
63 61 59
63 92 55
63 92 41
63 92 50
63 55 41
63 55 92
63 55 50
63 41 92
63 41 55
63 41 50
63 50 92
63 50 55
63 50 41
