94 187 87
94 187 108
94 187 117
94 87 108
94 87 187
94 87 117
94 108 187
94 108 87
94 108 117
94 117 187
94 117 87
94 117 108
94 142 98
94 142 80
94 142 102
94 98 80
94 98 142
94 98 102
94 80 142
94 80 98
94 80 102
94 102 142
94 102 98
94 102 80
94 191 87
94 191 119
94 191 105
94 87 119
94 87 191
94 87 105
94 119 191
94 119 87
94 119 105
94 105 191
94 105 87
94 105 119
94 147 91
94 147 66
94 147 115
94 91 66
94 91 147
94 91 115
94 66 147
94 66 91
94 66 115
94 115 147
94 115 91
94 115 66
94 190 93
94 190 104
94 190 121
94 93 104
94 93 190
94 93 121
94 104 190
94 104 93
94 104 121
94 121 190
94 121 93
94 121 104
