104 98 89
104 98 112
104 98 120
104 89 112
104 89 98
104 89 120
104 112 98
104 112 89
104 112 120
104 120 98
104 120 89
104 120 112
104 81 83
104 81 80
104 81 108
104 83 80
104 83 81
104 83 108
104 80 81
104 80 83
104 80 108
104 108 81
104 108 83
104 108 80
104 87 174
104 87 189
104 87 182
104 174 189
104 174 87
104 174 182
104 189 87
104 189 174
104 189 182
104 182 87
104 182 174
104 182 189
104 99 158
104 99 176
104 99 171
104 158 176
104 158 99
104 158 171
104 176 99
104 176 158
104 176 171
104 171 99
104 171 158
104 171 176
104 115 149
104 115 137
104 115 132
104 149 137
104 149 115
104 149 132
104 137 115
104 137 149
104 137 132
104 132 115
104 132 149
104 132 137
