111 123 199
111 123 179
111 123 201
111 199 179
111 199 123
111 199 201
111 179 123
111 179 199
111 179 201
111 201 123
111 201 199
111 201 179
111 173 192
111 173 190
111 173 211
111 192 190
111 192 173
111 192 211
111 190 173
111 190 192
111 190 211
111 211 173
111 211 192
111 211 190
111 167 198
111 167 223
111 167 183
111 198 223
111 198 167
111 198 183
111 223 167
111 223 198
111 223 183
111 183 167
111 183 198
111 183 223
111 141 152
111 141 187
111 141 196
111 152 187
111 152 141
111 152 196
111 187 141
111 187 152
111 187 196
111 196 141
111 196 152
111 196 187
111 145 164
111 145 190
111 145 131
111 164 190
111 164 145
111 164 131
111 190 145
111 190 164
111 190 131
111 131 145
111 131 164
111 131 190
