128 222 269
128 222 245
128 222 227
128 269 245
128 269 222
128 269 227
128 245 222
128 245 269
128 245 227
128 227 222
128 227 269
128 227 245
128 226 279
128 226 326
128 226 184
128 279 326
128 279 226
128 279 184
128 326 226
128 326 279
128 326 184
128 184 226
128 184 279
128 184 326
128 239 197
128 239 252
128 239 221
128 197 252
128 197 239
128 197 221
128 252 239
128 252 197
128 252 221
128 221 239
128 221 197
128 221 252
128 214 193
128 214 259
128 214 271
128 193 259
128 193 214
128 193 271
128 259 214
128 259 193
128 259 271
128 271 214
128 271 193
128 271 259
128 288 239
128 288 193
128 288 268
128 239 193
128 239 288
128 239 268
128 193 288
128 193 239
128 193 268
128 268 288
128 268 239
128 268 193
