42 10 21
42 10 13
42 10 22
42 21 13
42 21 10
42 21 22
42 13 10
42 13 21
42 13 22
42 22 10
42 22 21
42 22 13
42 5 4
42 5 9
42 5 4
42 4 9
42 4 5
42 4 4
42 9 5
42 9 4
42 9 4
42 4 5
42 4 4
42 4 9
42 8 9
42 8 21
42 8 17
42 9 21
42 9 8
42 9 17
42 21 8
42 21 9
42 21 17
42 17 8
42 17 9
42 17 21
42 22 36
42 22 36
42 22 41
42 36 36
42 36 22
42 36 41
42 36 22
42 36 36
42 36 41
42 41 22
42 41 36
42 41 36
42 11 67
42 11 63
42 11 41
42 67 63
42 67 11
42 67 41
42 63 11
42 63 67
42 63 41
42 41 11
42 41 67
42 41 63
