131 154 125
131 154 121
131 154 128
131 125 121
131 125 154
131 125 128
131 121 154
131 121 125
131 121 128
131 128 154
131 128 125
131 128 121
131 179 167
131 179 170
131 179 184
131 167 170
131 167 179
131 167 184
131 170 179
131 170 167
131 170 184
131 184 179
131 184 167
131 184 170
131 163 122
131 163 204
131 163 151
131 122 204
131 122 163
131 122 151
131 204 163
131 204 122
131 204 151
131 151 163
131 151 122
131 151 204
131 129 103
131 129 106
131 129 96
131 103 106
131 103 129
131 103 96
131 106 129
131 106 103
131 106 96
131 96 129
131 96 103
131 96 106
131 210 104
131 210 119
131 210 85
131 104 119
131 104 210
131 104 85
131 119 210
131 119 104
131 119 85
131 85 210
131 85 104
131 85 119
