121 76 37
121 76 37
121 76 42
121 37 37
121 37 76
121 37 42
121 37 76
121 37 37
121 37 42
121 42 76
121 42 37
121 42 37
121 70 47
121 70 43
121 70 27
121 47 43
121 47 70
121 47 27
121 43 70
121 43 47
121 43 27
121 27 70
121 27 47
121 27 43
121 69 54
121 69 56
121 69 45
121 54 56
121 54 69
121 54 45
121 56 69
121 56 54
121 56 45
121 45 69
121 45 54
121 45 56
121 68 43
121 68 39
121 68 50
121 43 39
121 43 68
121 43 50
121 39 68
121 39 43
121 39 50
121 50 68
121 50 43
121 50 39
121 68 32
121 68 41
121 68 28
121 32 41
121 32 68
121 32 28
121 41 68
121 41 32
121 41 28
121 28 68
121 28 32
121 28 41
