73 73 32
73 73 46
73 73 42
73 32 46
73 32 73
73 32 42
73 46 73
73 46 32
73 46 42
73 42 73
73 42 32
73 42 46
73 54 40
73 54 33
73 54 40
73 40 33
73 40 54
73 40 40
73 33 54
73 33 40
73 33 40
73 40 54
73 40 40
73 40 33
73 40 51
73 40 30
73 40 39
73 51 30
73 51 40
73 51 39
73 30 40
73 30 51
73 30 39
73 39 40
73 39 51
73 39 30
73 82 48
73 82 44
73 82 46
73 48 44
73 48 82
73 48 46
73 44 82
73 44 48
73 44 46
73 46 82
73 46 48
73 46 44
73 53 53
73 53 35
73 53 52
73 53 35
73 53 53
73 53 52
73 35 53
73 35 53
73 35 52
73 52 53
73 52 53
73 52 35
