69 34 17
69 34 22
69 34 18
69 17 22
69 17 34
69 17 18
69 22 34
69 22 17
69 22 18
69 18 34
69 18 17
69 18 22
69 30 20
69 30 14
69 30 20
69 20 14
69 20 30
69 20 20
69 14 30
69 14 20
69 14 20
69 20 30
69 20 20
69 20 14
69 38 23
69 38 16
69 38 32
69 23 16
69 23 38
69 23 32
69 16 38
69 16 23
69 16 32
69 32 38
69 32 23
69 32 16
69 14 17
69 14 16
69 14 18
69 17 16
69 17 14
69 17 18
69 16 14
69 16 17
69 16 18
69 18 14
69 18 17
69 18 16
69 22 17
69 22 21
69 22 11
69 17 21
69 17 22
69 17 11
69 21 22
69 21 17
69 21 11
69 11 22
69 11 17
69 11 21
