137 12 22
137 12 17
137 12 18
137 22 17
137 22 12
137 22 18
137 17 12
137 17 22
137 17 18
137 18 12
137 18 22
137 18 17
137 10 21
137 10 30
137 10 22
137 21 30
137 21 10
137 21 22
137 30 10
137 30 21
137 30 22
137 22 10
137 22 21
137 22 30
137 8 10
137 8 11
137 8 13
137 10 11
137 10 8
137 10 13
137 11 8
137 11 10
137 11 13
137 13 8
137 13 10
137 13 11
137 9 3
137 9 6
137 9 7
137 3 6
137 3 9
137 3 7
137 6 9
137 6 3
137 6 7
137 7 9
137 7 3
137 7 6
137 6 4
137 6 5
137 6 11
137 4 5
137 4 6
137 4 11
137 5 6
137 5 4
137 5 11
137 11 6
137 11 4
137 11 5
