120 145 89
120 145 140
120 145 108
120 89 140
120 89 145
120 89 108
120 140 145
120 140 89
120 140 108
120 108 145
120 108 89
120 108 140
120 154 93
120 154 128
120 154 107
120 93 128
120 93 154
120 93 107
120 128 154
120 128 93
120 128 107
120 107 154
120 107 93
120 107 128
120 150 150
120 150 122
120 150 183
120 150 122
120 150 150
120 150 183
120 122 150
120 122 150
120 122 183
120 183 150
120 183 150
120 183 122
120 201 192
120 201 114
120 201 183
120 192 114
120 192 201
120 192 183
120 114 201
120 114 192
120 114 183
120 183 201
120 183 192
120 183 114
120 171 152
120 171 108
120 171 189
120 152 108
120 152 171
120 152 189
120 108 171
120 108 152
120 108 189
120 189 171
120 189 152
120 189 108
