131 122 121
131 122 121
131 122 175
131 121 121
131 121 122
131 121 175
131 121 122
131 121 121
131 121 175
131 175 122
131 175 121
131 175 121
131 169 144
131 169 117
131 169 21
131 144 117
131 144 169
131 144 21
131 117 169
131 117 144
131 117 21
131 21 169
131 21 144
131 21 117
131 101 99
131 101 108
131 101 197
131 99 108
131 99 101
131 99 197
131 108 101
131 108 99
131 108 197
131 197 101
131 197 99
131 197 108
131 172 108
131 172 121
131 172 112
131 108 121
131 108 172
131 108 112
131 121 172
131 121 108
131 121 112
131 112 172
131 112 108
131 112 121
131 108 55
131 108 56
131 108 123
131 55 56
131 55 108
131 55 123
131 56 108
131 56 55
131 56 123
131 123 108
131 123 55
131 123 56
