99 49 48
99 49 34
99 49 28
99 48 34
99 48 49
99 48 28
99 34 49
99 34 48
99 34 28
99 28 49
99 28 48
99 28 34
99 75 62
99 75 51
99 75 43
99 62 51
99 62 75
99 62 43
99 51 75
99 51 62
99 51 43
99 43 75
99 43 62
99 43 51
99 75 32
99 75 41
99 75 44
99 32 41
99 32 75
99 32 44
99 41 75
99 41 32
99 41 44
99 44 75
99 44 32
99 44 41
99 91 57
99 91 47
99 91 55
99 57 47
99 57 91
99 57 55
99 47 91
99 47 57
99 47 55
99 55 91
99 55 57
99 55 47
99 78 41
99 78 27
99 78 47
99 41 27
99 41 78
99 41 47
99 27 78
99 27 41
99 27 47
99 47 78
99 47 41
99 47 27
