133 50 38
133 50 62
133 50 42
133 38 62
133 38 50
133 38 42
133 62 50
133 62 38
133 62 42
133 42 50
133 42 38
133 42 62
133 63 45
133 63 46
133 63 79
133 45 46
133 45 63
133 45 79
133 46 63
133 46 45
133 46 79
133 79 63
133 79 45
133 79 46
133 51 31
133 51 36
133 51 55
133 31 36
133 31 51
133 31 55
133 36 51
133 36 31
133 36 55
133 55 51
133 55 31
133 55 36
133 43 41
133 43 33
133 43 35
133 41 33
133 41 43
133 41 35
133 33 43
133 33 41
133 33 35
133 35 43
133 35 41
133 35 33
133 40 26
133 40 39
133 40 25
133 26 39
133 26 40
133 26 25
133 39 40
133 39 26
133 39 25
133 25 40
133 25 26
133 25 39
