104 144 141
104 144 138
104 144 185
104 141 138
104 141 144
104 141 185
104 138 144
104 138 141
104 138 185
104 185 144
104 185 141
104 185 138
104 136 137
104 136 123
104 136 145
104 137 123
104 137 136
104 137 145
104 123 136
104 123 137
104 123 145
104 145 136
104 145 137
104 145 123
104 172 157
104 172 166
104 172 173
104 157 166
104 157 172
104 157 173
104 166 172
104 166 157
104 166 173
104 173 172
104 173 157
104 173 166
104 172 157
104 172 144
104 172 159
104 157 144
104 157 172
104 157 159
104 144 172
104 144 157
104 144 159
104 159 172
104 159 157
104 159 144
104 144 158
104 144 189
104 144 204
104 158 189
104 158 144
104 158 204
104 189 144
104 189 158
104 189 204
104 204 144
104 204 158
104 204 189
