49 93 332
49 93 329
49 93 334
49 332 329
49 332 93
49 332 334
49 329 93
49 329 332
49 329 334
49 334 93
49 334 332
49 334 329
49 62 308
49 62 312
49 62 312
49 308 312
49 308 62
49 308 312
49 312 62
49 312 308
49 312 312
49 312 62
49 312 308
49 312 312
49 73 340
49 73 324
49 73 332
49 340 324
49 340 73
49 340 332
49 324 73
49 324 340
49 324 332
49 332 73
49 332 340
49 332 324
49 86 312
49 86 316
49 86 304
49 312 316
49 312 86
49 312 304
49 316 86
49 316 312
49 316 304
49 304 86
49 304 312
49 304 316
49 107 304
49 107 344
49 107 317
49 304 344
49 304 107
49 304 317
49 344 107
49 344 304
49 344 317
49 317 107
49 317 304
49 317 344
