101 139 132
101 139 116
101 139 101
101 132 116
101 132 139
101 132 101
101 116 139
101 116 132
101 116 101
101 101 139
101 101 132
101 101 116
101 131 108
101 131 117
101 131 111
101 108 117
101 108 131
101 108 111
101 117 131
101 117 108
101 117 111
101 111 131
101 111 108
101 111 117
101 153 116
101 153 117
101 153 124
101 116 117
101 116 153
101 116 124
101 117 153
101 117 116
101 117 124
101 124 153
101 124 116
101 124 117
101 154 151
101 154 162
101 154 127
101 151 162
101 151 154
101 151 127
101 162 154
101 162 151
101 162 127
101 127 154
101 127 151
101 127 162
101 154 158
101 154 151
101 154 176
101 158 151
101 158 154
101 158 176
101 151 154
101 151 158
101 151 176
101 176 154
101 176 158
101 176 151
