75 279 154
75 279 177
75 279 117
75 154 177
75 154 279
75 154 117
75 177 279
75 177 154
75 177 117
75 117 279
75 117 154
75 117 177
75 224 171
75 224 155
75 224 135
75 171 155
75 171 224
75 171 135
75 155 224
75 155 171
75 155 135
75 135 224
75 135 171
75 135 155
75 169 176
75 169 159
75 169 113
75 176 159
75 176 169
75 176 113
75 159 169
75 159 176
75 159 113
75 113 169
75 113 176
75 113 159
75 185 163
75 185 163
75 185 135
75 163 163
75 163 185
75 163 135
75 163 185
75 163 163
75 163 135
75 135 185
75 135 163
75 135 163
75 311 141
75 311 137
75 311 99
75 141 137
75 141 311
75 141 99
75 137 311
75 137 141
75 137 99
75 99 311
75 99 141
75 99 137
