40 10 42
40 10 36
40 10 39
40 42 36
40 42 10
40 42 39
40 36 10
40 36 42
40 36 39
40 39 10
40 39 42
40 39 36
40 10 18
40 10 22
40 10 14
40 18 22
40 18 10
40 18 14
40 22 10
40 22 18
40 22 14
40 14 10
40 14 18
40 14 22
40 12 57
40 12 44
40 12 53
40 57 44
40 57 12
40 57 53
40 44 12
40 44 57
40 44 53
40 53 12
40 53 57
40 53 44
40 15 55
40 15 59
40 15 67
40 55 59
40 55 15
40 55 67
40 59 15
40 59 55
40 59 67
40 67 15
40 67 55
40 67 59
40 23 70
40 23 76
40 23 66
40 70 76
40 70 23
40 70 66
40 76 23
40 76 70
40 76 66
40 66 23
40 66 70
40 66 76
