86 66 59
86 66 65
86 66 67
86 59 65
86 59 66
86 59 67
86 65 66
86 65 59
86 65 67
86 67 66
86 67 59
86 67 65
86 60 65
86 60 70
86 60 99
86 65 70
86 65 60
86 65 99
86 70 60
86 70 65
86 70 99
86 99 60
86 99 65
86 99 70
86 60 52
86 60 64
86 60 85
86 52 64
86 52 60
86 52 85
86 64 60
86 64 52
86 64 85
86 85 60
86 85 52
86 85 64
86 109 66
86 109 67
86 109 80
86 66 67
86 66 109
86 66 80
86 67 109
86 67 66
86 67 80
86 80 109
86 80 66
86 80 67
86 57 61
86 57 73
86 57 59
86 61 73
86 61 57
86 61 59
86 73 57
86 73 61
86 73 59
86 59 57
86 59 61
86 59 73
