71 568 264
71 568 292
71 568 338
71 264 292
71 264 568
71 264 338
71 292 568
71 292 264
71 292 338
71 338 568
71 338 264
71 338 292
71 558 242
71 558 222
71 558 302
71 242 222
71 242 558
71 242 302
71 222 558
71 222 242
71 222 302
71 302 558
71 302 242
71 302 222
71 531 227
71 531 283
71 531 330
71 227 283
71 227 531
71 227 330
71 283 531
71 283 227
71 283 330
71 330 531
71 330 227
71 330 283
71 488 202
71 488 219
71 488 292
71 202 219
71 202 488
71 202 292
71 219 488
71 219 202
71 219 292
71 292 488
71 292 202
71 292 219
71 561 254
71 561 256
71 561 265
71 254 256
71 254 561
71 254 265
71 256 561
71 256 254
71 256 265
71 265 561
71 265 254
71 265 256
