40 22 50
40 22 58
40 22 52
40 50 58
40 50 22
40 50 52
40 58 22
40 58 50
40 58 52
40 52 22
40 52 50
40 52 58
40 16 13
40 16 27
40 16 22
40 13 27
40 13 16
40 13 22
40 27 16
40 27 13
40 27 22
40 22 16
40 22 13
40 22 27
40 21 62
40 21 63
40 21 51
40 62 63
40 62 21
40 62 51
40 63 21
40 63 62
40 63 51
40 51 21
40 51 62
40 51 63
40 27 91
40 27 82
40 27 66
40 91 82
40 91 27
40 91 66
40 82 27
40 82 91
40 82 66
40 66 27
40 66 91
40 66 82
40 20 135
40 20 130
40 20 91
40 135 130
40 135 20
40 135 91
40 130 20
40 130 135
40 130 91
40 91 20
40 91 135
40 91 130
