102 197 146
102 197 143
102 197 185
102 146 143
102 146 197
102 146 185
102 143 197
102 143 146
102 143 185
102 185 197
102 185 146
102 185 143
102 274 152
102 274 158
102 274 185
102 152 158
102 152 274
102 152 185
102 158 274
102 158 152
102 158 185
102 185 274
102 185 152
102 185 158
102 259 136
102 259 192
102 259 189
102 136 192
102 136 259
102 136 189
102 192 259
102 192 136
102 192 189
102 189 259
102 189 136
102 189 192
102 209 196
102 209 175
102 209 187
102 196 175
102 196 209
102 196 187
102 175 209
102 175 196
102 175 187
102 187 209
102 187 196
102 187 175
102 281 179
102 281 223
102 281 233
102 179 223
102 179 281
102 179 233
102 223 281
102 223 179
102 223 233
102 233 281
102 233 179
102 233 223
