110 41 48
110 41 36
110 41 49
110 48 36
110 48 41
110 48 49
110 36 41
110 36 48
110 36 49
110 49 41
110 49 48
110 49 36
110 62 39
110 62 38
110 62 29
110 39 38
110 39 62
110 39 29
110 38 62
110 38 39
110 38 29
110 29 62
110 29 39
110 29 38
110 28 28
110 28 31
110 28 26
110 28 31
110 28 28
110 28 26
110 31 28
110 31 28
110 31 26
110 26 28
110 26 28
110 26 31
110 36 40
110 36 25
110 36 33
110 40 25
110 40 36
110 40 33
110 25 36
110 25 40
110 25 33
110 33 36
110 33 40
110 33 25
110 26 27
110 26 31
110 26 24
110 27 31
110 27 26
110 27 24
110 31 26
110 31 27
110 31 24
110 24 26
110 24 27
110 24 31
