70 39 62
70 39 56
70 39 49
70 62 56
70 62 39
70 62 49
70 56 39
70 56 62
70 56 49
70 49 39
70 49 62
70 49 56
70 47 49
70 47 55
70 47 43
70 49 55
70 49 47
70 49 43
70 55 47
70 55 49
70 55 43
70 43 47
70 43 49
70 43 55
70 34 61
70 34 48
70 34 61
70 61 48
70 61 34
70 61 61
70 48 34
70 48 61
70 48 61
70 61 34
70 61 61
70 61 48
70 55 38
70 55 53
70 55 47
70 38 53
70 38 55
70 38 47
70 53 55
70 53 38
70 53 47
70 47 55
70 47 38
70 47 53
70 39 58
70 39 52
70 39 56
70 58 52
70 58 39
70 58 56
70 52 39
70 52 58
70 52 56
70 56 39
70 56 58
70 56 52
