87 79 40
87 79 47
87 79 87
87 40 47
87 40 79
87 40 87
87 47 79
87 47 40
87 47 87
87 87 79
87 87 40
87 87 47
87 79 56
87 79 74
87 79 39
87 56 74
87 56 79
87 56 39
87 74 79
87 74 56
87 74 39
87 39 79
87 39 56
87 39 74
87 62 50
87 62 33
87 62 44
87 50 33
87 50 62
87 50 44
87 33 62
87 33 50
87 33 44
87 44 62
87 44 50
87 44 33
87 127 43
87 127 54
87 127 42
87 43 54
87 43 127
87 43 42
87 54 127
87 54 43
87 54 42
87 42 127
87 42 43
87 42 54
87 82 44
87 82 48
87 82 73
87 44 48
87 44 82
87 44 73
87 48 82
87 48 44
87 48 73
87 73 82
87 73 44
87 73 48
