106 231 267
106 231 253
106 231 245
106 267 253
106 267 231
106 267 245
106 253 231
106 253 267
106 253 245
106 245 231
106 245 267
106 245 253
106 282 193
106 282 186
106 282 213
106 193 186
106 193 282
106 193 213
106 186 282
106 186 193
106 186 213
106 213 282
106 213 193
106 213 186
106 286 269
106 286 285
106 286 283
106 269 285
106 269 286
106 269 283
106 285 286
106 285 269
106 285 283
106 283 286
106 283 269
106 283 285
106 233 337
106 233 299
106 233 297
106 337 299
106 337 233
106 337 297
106 299 233
106 299 337
106 299 297
106 297 233
106 297 337
106 297 299
106 227 353
106 227 370
106 227 381
106 353 370
106 353 227
106 353 381
106 370 227
106 370 353
106 370 381
106 381 227
106 381 353
106 381 370
