50 63 162
50 63 143
50 63 146
50 162 143
50 162 63
50 162 146
50 143 63
50 143 162
50 143 146
50 146 63
50 146 162
50 146 143
50 59 67
50 59 81
50 59 86
50 67 81
50 67 59
50 67 86
50 81 59
50 81 67
50 81 86
50 86 59
50 86 67
50 86 81
50 75 98
50 75 117
50 75 117
50 98 117
50 98 75
50 98 117
50 117 75
50 117 98
50 117 117
50 117 75
50 117 98
50 117 117
50 97 108
50 97 83
50 97 86
50 108 83
50 108 97
50 108 86
50 83 97
50 83 108
50 83 86
50 86 97
50 86 108
50 86 83
50 118 100
50 118 148
50 118 132
50 100 148
50 100 118
50 100 132
50 148 118
50 148 100
50 148 132
50 132 118
50 132 100
50 132 148
