47 40 111
47 40 106
47 40 127
47 111 106
47 111 40
47 111 127
47 106 40
47 106 111
47 106 127
47 127 40
47 127 111
47 127 106
47 22 77
47 22 74
47 22 66
47 77 74
47 77 22
47 77 66
47 74 22
47 74 77
47 74 66
47 66 22
47 66 77
47 66 74
47 42 154
47 42 169
47 42 175
47 154 169
47 154 42
47 154 175
47 169 42
47 169 154
47 169 175
47 175 42
47 175 154
47 175 169
47 50 147
47 50 139
47 50 161
47 147 139
47 147 50
47 147 161
47 139 50
47 139 147
47 139 161
47 161 50
47 161 147
47 161 139
47 72 271
47 72 319
47 72 300
47 271 319
47 271 72
47 271 300
47 319 72
47 319 271
47 319 300
47 300 72
47 300 271
47 300 319
