107 85 157
107 85 147
107 85 169
107 157 147
107 157 85
107 157 169
107 147 85
107 147 157
107 147 169
107 169 85
107 169 157
107 169 147
107 114 133
107 114 124
107 114 167
107 133 124
107 133 114
107 133 167
107 124 114
107 124 133
107 124 167
107 167 114
107 167 133
107 167 124
107 87 181
107 87 171
107 87 225
107 181 171
107 181 87
107 181 225
107 171 87
107 171 181
107 171 225
107 225 87
107 225 181
107 225 171
107 99 197
107 99 204
107 99 220
107 197 204
107 197 99
107 197 220
107 204 99
107 204 197
107 204 220
107 220 99
107 220 197
107 220 204
107 51 205
107 51 188
107 51 230
107 205 188
107 205 51
107 205 230
107 188 51
107 188 205
107 188 230
107 230 51
107 230 205
107 230 188
