124 64 72
124 64 59
124 64 62
124 72 59
124 72 64
124 72 62
124 59 64
124 59 72
124 59 62
124 62 64
124 62 72
124 62 59
124 45 41
124 45 66
124 45 41
124 41 66
124 41 45
124 41 41
124 66 45
124 66 41
124 66 41
124 41 45
124 41 41
124 41 66
124 41 101
124 41 90
124 41 52
124 101 90
124 101 41
124 101 52
124 90 41
124 90 101
124 90 52
124 52 41
124 52 101
124 52 90
124 41 48
124 41 69
124 41 97
124 48 69
124 48 41
124 48 97
124 69 41
124 69 48
124 69 97
124 97 41
124 97 48
124 97 69
124 51 48
124 51 39
124 51 83
124 48 39
124 48 51
124 48 83
124 39 51
124 39 48
124 39 83
124 83 51
124 83 48
124 83 39
