129 197 225
129 197 215
129 197 271
129 225 215
129 225 197
129 225 271
129 215 197
129 215 225
129 215 271
129 271 197
129 271 225
129 271 215
129 353 183
129 353 167
129 353 235
129 183 167
129 183 353
129 183 235
129 167 353
129 167 183
129 167 235
129 235 353
129 235 183
129 235 167
129 254 201
129 254 187
129 254 212
129 201 187
129 201 254
129 201 212
129 187 254
129 187 201
129 187 212
129 212 254
129 212 201
129 212 187
129 206 121
129 206 137
129 206 157
129 121 137
129 121 206
129 121 157
129 137 206
129 137 121
129 137 157
129 157 206
129 157 121
129 157 137
129 217 145
129 217 152
129 217 190
129 145 152
129 145 217
129 145 190
129 152 217
129 152 145
129 152 190
129 190 217
129 190 145
129 190 152
