99 538 278
99 538 304
99 538 206
99 278 304
99 278 538
99 278 206
99 304 538
99 304 278
99 304 206
99 206 538
99 206 278
99 206 304
99 453 335
99 453 194
99 453 252
99 335 194
99 335 453
99 335 252
99 194 453
99 194 335
99 194 252
99 252 453
99 252 335
99 252 194
99 198 237
99 198 251
99 198 391
99 237 251
99 237 198
99 237 391
99 251 198
99 251 237
99 251 391
99 391 198
99 391 237
99 391 251
99 766 230
99 766 196
99 766 177
99 230 196
99 230 766
99 230 177
99 196 766
99 196 230
99 196 177
99 177 766
99 177 230
99 177 196
99 393 263
99 393 276
99 393 259
99 263 276
99 263 393
99 263 259
99 276 393
99 276 263
99 276 259
99 259 393
99 259 263
99 259 276
