102 595 461
102 595 485
102 595 473
102 461 485
102 461 595
102 461 473
102 485 595
102 485 461
102 485 473
102 473 595
102 473 461
102 473 485
102 755 375
102 755 456
102 755 434
102 375 456
102 375 755
102 375 434
102 456 755
102 456 375
102 456 434
102 434 755
102 434 375
102 434 456
102 530 584
102 530 622
102 530 733
102 584 622
102 584 530
102 584 733
102 622 530
102 622 584
102 622 733
102 733 530
102 733 584
102 733 622
102 455 714
102 455 704
102 455 821
102 714 704
102 714 455
102 714 821
102 704 455
102 704 714
102 704 821
102 821 455
102 821 714
102 821 704
102 379 560
102 379 583
102 379 660
102 560 583
102 560 379
102 560 660
102 583 379
102 583 560
102 583 660
102 660 379
102 660 560
102 660 583
