88 136 117
88 136 113
88 136 128
88 117 113
88 117 136
88 117 128
88 113 136
88 113 117
88 113 128
88 128 136
88 128 117
88 128 113
88 125 113
88 125 123
88 125 133
88 113 123
88 113 125
88 113 133
88 123 125
88 123 113
88 123 133
88 133 125
88 133 113
88 133 123
88 128 105
88 128 137
88 128 147
88 105 137
88 105 128
88 105 147
88 137 128
88 137 105
88 137 147
88 147 128
88 147 105
88 147 137
88 152 104
88 152 110
88 152 117
88 104 110
88 104 152
88 104 117
88 110 152
88 110 104
88 110 117
88 117 152
88 117 104
88 117 110
88 132 119
88 132 117
88 132 151
88 119 117
88 119 132
88 119 151
88 117 132
88 117 119
88 117 151
88 151 132
88 151 119
88 151 117
