113 265 183
113 265 220
113 265 196
113 183 220
113 183 265
113 183 196
113 220 265
113 220 183
113 220 196
113 196 265
113 196 183
113 196 220
113 301 202
113 301 208
113 301 233
113 202 208
113 202 301
113 202 233
113 208 301
113 208 202
113 208 233
113 233 301
113 233 202
113 233 208
113 311 197
113 311 185
113 311 162
113 197 185
113 197 311
113 197 162
113 185 311
113 185 197
113 185 162
113 162 311
113 162 197
113 162 185
113 302 214
113 302 199
113 302 212
113 214 199
113 214 302
113 214 212
113 199 302
113 199 214
113 199 212
113 212 302
113 212 214
113 212 199
113 293 195
113 293 216
113 293 185
113 195 216
113 195 293
113 195 185
113 216 293
113 216 195
113 216 185
113 185 293
113 185 195
113 185 216
