44 47 205
44 47 200
44 47 205
44 205 200
44 205 47
44 205 205
44 200 47
44 200 205
44 200 205
44 205 47
44 205 205
44 205 200
44 39 164
44 39 183
44 39 163
44 164 183
44 164 39
44 164 163
44 183 39
44 183 164
44 183 163
44 163 39
44 163 164
44 163 183
44 53 304
44 53 323
44 53 291
44 304 323
44 304 53
44 304 291
44 323 53
44 323 304
44 323 291
44 291 53
44 291 304
44 291 323
44 81 458
44 81 392
44 81 408
44 458 392
44 458 81
44 458 408
44 392 81
44 392 458
44 392 408
44 408 81
44 408 458
44 408 392
44 83 449
44 83 438
44 83 469
44 449 438
44 449 83
44 449 469
44 438 83
44 438 449
44 438 469
44 469 83
44 469 449
44 469 438
