93 70 33
93 70 34
93 70 40
93 33 34
93 33 70
93 33 40
93 34 70
93 34 33
93 34 40
93 40 70
93 40 33
93 40 34
93 65 33
93 65 27
93 65 25
93 33 27
93 33 65
93 33 25
93 27 65
93 27 33
93 27 25
93 25 65
93 25 33
93 25 27
93 80 21
93 80 34
93 80 37
93 21 34
93 21 80
93 21 37
93 34 80
93 34 21
93 34 37
93 37 80
93 37 21
93 37 34
93 62 37
93 62 36
93 62 43
93 37 36
93 37 62
93 37 43
93 36 62
93 36 37
93 36 43
93 43 62
93 43 37
93 43 36
93 70 45
93 70 40
93 70 41
93 45 40
93 45 70
93 45 41
93 40 70
93 40 45
93 40 41
93 41 70
93 41 45
93 41 40
