121 38 254
121 38 215
121 38 173
121 254 215
121 254 38
121 254 173
121 215 38
121 215 254
121 215 173
121 173 38
121 173 254
121 173 215
121 40 151
121 40 201
121 40 152
121 151 201
121 151 40
121 151 152
121 201 40
121 201 151
121 201 152
121 152 40
121 152 151
121 152 201
121 43 221
121 43 172
121 43 175
121 221 172
121 221 43
121 221 175
121 172 43
121 172 221
121 172 175
121 175 43
121 175 221
121 175 172
121 31 203
121 31 160
121 31 148
121 203 160
121 203 31
121 203 148
121 160 31
121 160 203
121 160 148
121 148 31
121 148 203
121 148 160
121 41 182
121 41 200
121 41 142
121 182 200
121 182 41
121 182 142
121 200 41
121 200 182
121 200 142
121 142 41
121 142 182
121 142 200
