59 22 28
59 22 40
59 22 23
59 28 40
59 28 22
59 28 23
59 40 22
59 40 28
59 40 23
59 23 22
59 23 28
59 23 40
59 31 12
59 31 15
59 31 18
59 12 15
59 12 31
59 12 18
59 15 31
59 15 12
59 15 18
59 18 31
59 18 12
59 18 15
59 36 14
59 36 21
59 36 24
59 14 21
59 14 36
59 14 24
59 21 36
59 21 14
59 21 24
59 24 36
59 24 14
59 24 21
59 26 22
59 26 15
59 26 21
59 22 15
59 22 26
59 22 21
59 15 26
59 15 22
59 15 21
59 21 26
59 21 22
59 21 15
59 25 14
59 25 12
59 25 19
59 14 12
59 14 25
59 14 19
59 12 25
59 12 14
59 12 19
59 19 25
59 19 14
59 19 12
