72 178 72
72 178 57
72 178 91
72 72 57
72 72 178
72 72 91
72 57 178
72 57 72
72 57 91
72 91 178
72 91 72
72 91 57
72 169 64
72 169 54
72 169 91
72 64 54
72 64 169
72 64 91
72 54 169
72 54 64
72 54 91
72 91 169
72 91 64
72 91 54
72 172 63
72 172 52
72 172 78
72 63 52
72 63 172
72 63 78
72 52 172
72 52 63
72 52 78
72 78 172
72 78 63
72 78 52
72 190 84
72 190 73
72 190 74
72 84 73
72 84 190
72 84 74
72 73 190
72 73 84
72 73 74
72 74 190
72 74 84
72 74 73
72 182 63
72 182 67
72 182 143
72 63 67
72 63 182
72 63 143
72 67 182
72 67 63
72 67 143
72 143 182
72 143 63
72 143 67
