44 63 164
44 63 174
44 63 207
44 164 174
44 164 63
44 164 207
44 174 63
44 174 164
44 174 207
44 207 63
44 207 164
44 207 174
44 66 154
44 66 173
44 66 143
44 154 173
44 154 66
44 154 143
44 173 66
44 173 154
44 173 143
44 143 66
44 143 154
44 143 173
44 83 203
44 83 199
44 83 246
44 203 199
44 203 83
44 203 246
44 199 83
44 199 203
44 199 246
44 246 83
44 246 203
44 246 199
44 63 287
44 63 284
44 63 316
44 287 284
44 287 63
44 287 316
44 284 63
44 284 287
44 284 316
44 316 63
44 316 287
44 316 284
44 80 286
44 80 303
44 80 286
44 286 303
44 286 80
44 286 286
44 303 80
44 303 286
44 303 286
44 286 80
44 286 286
44 286 303
