57 82 118
57 82 114
57 82 134
57 118 114
57 118 82
57 118 134
57 114 82
57 114 118
57 114 134
57 134 82
57 134 118
57 134 114
57 115 135
57 115 162
57 115 179
57 135 162
57 135 115
57 135 179
57 162 115
57 162 135
57 162 179
57 179 115
57 179 135
57 179 162
57 122 112
57 122 142
57 122 163
57 112 142
57 112 122
57 112 163
57 142 122
57 142 112
57 142 163
57 163 122
57 163 112
57 163 142
57 148 117
57 148 124
57 148 106
57 117 124
57 117 148
57 117 106
57 124 148
57 124 117
57 124 106
57 106 148
57 106 117
57 106 124
57 116 112
57 116 108
57 116 139
57 112 108
57 112 116
57 112 139
57 108 116
57 108 112
57 108 139
57 139 116
57 139 112
57 139 108
