64 64 70
64 64 47
64 64 65
64 70 47
64 70 64
64 70 65
64 47 64
64 47 70
64 47 65
64 65 64
64 65 70
64 65 47
64 71 71
64 71 85
64 71 93
64 71 85
64 71 71
64 71 93
64 85 71
64 85 71
64 85 93
64 93 71
64 93 71
64 93 85
64 59 65
64 59 78
64 59 60
64 65 78
64 65 59
64 65 60
64 78 59
64 78 65
64 78 60
64 60 59
64 60 65
64 60 78
64 78 86
64 78 86
64 78 82
64 86 86
64 86 78
64 86 82
64 86 78
64 86 86
64 86 82
64 82 78
64 82 86
64 82 86
64 71 47
64 71 58
64 71 78
64 47 58
64 47 71
64 47 78
64 58 71
64 58 47
64 58 78
64 78 71
64 78 47
64 78 58
