126 197 163
126 197 178
126 197 177
126 163 178
126 163 197
126 163 177
126 178 197
126 178 163
126 178 177
126 177 197
126 177 163
126 177 178
126 155 162
126 155 165
126 155 159
126 162 165
126 162 155
126 162 159
126 165 155
126 165 162
126 165 159
126 159 155
126 159 162
126 159 165
126 147 163
126 147 177
126 147 182
126 163 177
126 163 147
126 163 182
126 177 147
126 177 163
126 177 182
126 182 147
126 182 163
126 182 177
126 200 177
126 200 149
126 200 220
126 177 149
126 177 200
126 177 220
126 149 200
126 149 177
126 149 220
126 220 200
126 220 177
126 220 149
126 171 183
126 171 147
126 171 173
126 183 147
126 183 171
126 183 173
126 147 171
126 147 183
126 147 173
126 173 171
126 173 183
126 173 147
