80 677 235
80 677 161
80 677 260
80 235 161
80 235 677
80 235 260
80 161 677
80 161 235
80 161 260
80 260 677
80 260 235
80 260 161
80 586 180
80 586 193
80 586 218
80 180 193
80 180 586
80 180 218
80 193 586
80 193 180
80 193 218
80 218 586
80 218 180
80 218 193
80 547 243
80 547 253
80 547 213
80 243 253
80 243 547
80 243 213
80 253 547
80 253 243
80 253 213
80 213 547
80 213 243
80 213 253
80 674 174
80 674 189
80 674 235
80 174 189
80 174 674
80 174 235
80 189 674
80 189 174
80 189 235
80 235 674
80 235 174
80 235 189
80 572 171
80 572 185
80 572 271
80 171 185
80 171 572
80 171 271
80 185 572
80 185 171
80 185 271
80 271 572
80 271 171
80 271 185
