89 56 22
89 56 17
89 56 14
89 22 17
89 22 56
89 22 14
89 17 56
89 17 22
89 17 14
89 14 56
89 14 22
89 14 17
89 60 31
89 60 18
89 60 28
89 31 18
89 31 60
89 31 28
89 18 60
89 18 31
89 18 28
89 28 60
89 28 31
89 28 18
89 52 22
89 52 20
89 52 24
89 22 20
89 22 52
89 22 24
89 20 52
89 20 22
89 20 24
89 24 52
89 24 22
89 24 20
89 53 24
89 53 31
89 53 22
89 24 31
89 24 53
89 24 22
89 31 53
89 31 24
89 31 22
89 22 53
89 22 24
89 22 31
89 51 26
89 51 12
89 51 26
89 26 12
89 26 51
89 26 26
89 12 51
89 12 26
89 12 26
89 26 51
89 26 26
89 26 12
