132 81 67
132 81 58
132 81 117
132 67 58
132 67 81
132 67 117
132 58 81
132 58 67
132 58 117
132 117 81
132 117 67
132 117 58
132 86 77
132 86 91
132 86 78
132 77 91
132 77 86
132 77 78
132 91 86
132 91 77
132 91 78
132 78 86
132 78 77
132 78 91
132 77 69
132 77 64
132 77 62
132 69 64
132 69 77
132 69 62
132 64 77
132 64 69
132 64 62
132 62 77
132 62 69
132 62 64
132 109 61
132 109 59
132 109 63
132 61 59
132 61 109
132 61 63
132 59 109
132 59 61
132 59 63
132 63 109
132 63 61
132 63 59
132 71 64
132 71 61
132 71 69
132 64 61
132 64 71
132 64 69
132 61 71
132 61 64
132 61 69
132 69 71
132 69 64
132 69 61
