79 586 180
79 586 193
79 586 218
79 180 193
79 180 586
79 180 218
79 193 586
79 193 180
79 193 218
79 218 586
79 218 180
79 218 193
79 600 222
79 600 204
79 600 281
79 222 204
79 222 600
79 222 281
79 204 600
79 204 222
79 204 281
79 281 600
79 281 222
79 281 204
79 677 235
79 677 161
79 677 260
79 235 161
79 235 677
79 235 260
79 161 677
79 161 235
79 161 260
79 260 677
79 260 235
79 260 161
79 547 243
79 547 253
79 547 213
79 243 253
79 243 547
79 243 213
79 253 547
79 253 243
79 253 213
79 213 547
79 213 243
79 213 253
79 674 174
79 674 189
79 674 235
79 174 189
79 174 674
79 174 235
79 189 674
79 189 174
79 189 235
79 235 674
79 235 174
79 235 189
