127 128 108
127 128 98
127 128 105
127 108 98
127 108 128
127 108 105
127 98 128
127 98 108
127 98 105
127 105 128
127 105 108
127 105 98
127 105 80
127 105 83
127 105 105
127 80 83
127 80 105
127 80 105
127 83 105
127 83 80
127 83 105
127 105 105
127 105 80
127 105 83
127 128 103
127 128 94
127 128 102
127 103 94
127 103 128
127 103 102
127 94 128
127 94 103
127 94 102
127 102 128
127 102 103
127 102 94
127 85 95
127 85 107
127 85 115
127 95 107
127 95 85
127 95 115
127 107 85
127 107 95
127 107 115
127 115 85
127 115 95
127 115 107
127 119 116
127 119 99
127 119 122
127 116 99
127 116 119
127 116 122
127 99 119
127 99 116
127 99 122
127 122 119
127 122 116
127 122 99
