68 203 145
68 203 103
68 203 140
68 145 103
68 145 203
68 145 140
68 103 203
68 103 145
68 103 140
68 140 203
68 140 145
68 140 103
68 203 138
68 203 132
68 203 97
68 138 132
68 138 203
68 138 97
68 132 203
68 132 138
68 132 97
68 97 203
68 97 138
68 97 132
68 191 110
68 191 100
68 191 116
68 110 100
68 110 191
68 110 116
68 100 191
68 100 110
68 100 116
68 116 191
68 116 110
68 116 100
68 262 110
68 262 91
68 262 70
68 110 91
68 110 262
68 110 70
68 91 262
68 91 110
68 91 70
68 70 262
68 70 110
68 70 91
68 314 124
68 314 140
68 314 127
68 124 140
68 124 314
68 124 127
68 140 314
68 140 124
68 140 127
68 127 314
68 127 124
68 127 140
