73 115 87
73 115 72
73 115 79
73 87 72
73 87 115
73 87 79
73 72 115
73 72 87
73 72 79
73 79 115
73 79 87
73 79 72
73 99 52
73 99 87
73 99 86
73 52 87
73 52 99
73 52 86
73 87 99
73 87 52
73 87 86
73 86 99
73 86 52
73 86 87
73 111 101
73 111 80
73 111 120
73 101 80
73 101 111
73 101 120
73 80 111
73 80 101
73 80 120
73 120 111
73 120 101
73 120 80
73 163 96
73 163 78
73 163 102
73 96 78
73 96 163
73 96 102
73 78 163
73 78 96
73 78 102
73 102 163
73 102 96
73 102 78
73 151 79
73 151 86
73 151 97
73 79 86
73 79 151
73 79 97
73 86 151
73 86 79
73 86 97
73 97 151
73 97 79
73 97 86
