51 33 286
51 33 265
51 33 254
51 286 265
51 286 33
51 286 254
51 265 33
51 265 286
51 265 254
51 254 33
51 254 286
51 254 265
51 31 290
51 31 303
51 31 267
51 290 303
51 290 31
51 290 267
51 303 31
51 303 290
51 303 267
51 267 31
51 267 290
51 267 303
51 33 396
51 33 362
51 33 449
51 396 362
51 396 33
51 396 449
51 362 33
51 362 396
51 362 449
51 449 33
51 449 396
51 449 362
51 40 405
51 40 472
51 40 374
51 405 472
51 405 40
51 405 374
51 472 40
51 472 405
51 472 374
51 374 40
51 374 405
51 374 472
51 27 265
51 27 278
51 27 233
51 265 278
51 265 27
51 265 233
51 278 27
51 278 265
51 278 233
51 233 27
51 233 265
51 233 278
