79 77 46
79 77 43
79 77 45
79 46 43
79 46 77
79 46 45
79 43 77
79 43 46
79 43 45
79 45 77
79 45 46
79 45 43
79 104 37
79 104 57
79 104 40
79 37 57
79 37 104
79 37 40
79 57 104
79 57 37
79 57 40
79 40 104
79 40 37
79 40 57
79 65 44
79 65 36
79 65 41
79 44 36
79 44 65
79 44 41
79 36 65
79 36 44
79 36 41
79 41 65
79 41 44
79 41 36
79 97 39
79 97 54
79 97 50
79 39 54
79 39 97
79 39 50
79 54 97
79 54 39
79 54 50
79 50 97
79 50 39
79 50 54
79 86 51
79 86 40
79 86 45
79 51 40
79 51 86
79 51 45
79 40 86
79 40 51
79 40 45
79 45 86
79 45 51
79 45 40
