42 45 31
42 45 40
42 45 33
42 31 40
42 31 45
42 31 33
42 40 45
42 40 31
42 40 33
42 33 45
42 33 31
42 33 40
42 7 33
42 7 30
42 7 16
42 33 30
42 33 7
42 33 16
42 30 7
42 30 33
42 30 16
42 16 7
42 16 33
42 16 30
42 38 33
42 38 33
42 38 32
42 33 33
42 33 38
42 33 32
42 33 38
42 33 33
42 33 32
42 32 38
42 32 33
42 32 33
42 22 33
42 22 45
42 22 20
42 33 45
42 33 22
42 33 20
42 45 22
42 45 33
42 45 20
42 20 22
42 20 33
42 20 45
42 19 47
42 19 37
42 19 39
42 47 37
42 47 19
42 47 39
42 37 19
42 37 47
42 37 39
42 39 19
42 39 47
42 39 37
