42 63 99
42 63 104
42 63 118
42 99 104
42 99 63
42 99 118
42 104 63
42 104 99
42 104 118
42 118 63
42 118 99
42 118 104
42 83 65
42 83 71
42 83 76
42 65 71
42 65 83
42 65 76
42 71 83
42 71 65
42 71 76
42 76 83
42 76 65
42 76 71
42 60 109
42 60 136
42 60 171
42 109 136
42 109 60
42 109 171
42 136 60
42 136 109
42 136 171
42 171 60
42 171 109
42 171 136
42 84 177
42 84 166
42 84 192
42 177 166
42 177 84
42 177 192
42 166 84
42 166 177
42 166 192
42 192 84
42 192 177
42 192 166
42 85 244
42 85 250
42 85 253
42 244 250
42 244 85
42 244 253
42 250 85
42 250 244
42 250 253
42 253 85
42 253 244
42 253 250
