66 122 104
66 122 126
66 122 114
66 104 126
66 104 122
66 104 114
66 126 122
66 126 104
66 126 114
66 114 122
66 114 104
66 114 126
66 101 127
66 101 90
66 101 128
66 127 90
66 127 101
66 127 128
66 90 101
66 90 127
66 90 128
66 128 101
66 128 127
66 128 90
66 148 76
66 148 82
66 148 126
66 76 82
66 76 148
66 76 126
66 82 148
66 82 76
66 82 126
66 126 148
66 126 76
66 126 82
66 130 99
66 130 101
66 130 112
66 99 101
66 99 130
66 99 112
66 101 130
66 101 99
66 101 112
66 112 130
66 112 99
66 112 101
66 99 117
66 99 102
66 99 93
66 117 102
66 117 99
66 117 93
66 102 99
66 102 117
66 102 93
66 93 99
66 93 117
66 93 102
