63 190 85
63 190 105
63 190 180
63 85 105
63 85 190
63 85 180
63 105 190
63 105 85
63 105 180
63 180 190
63 180 85
63 180 105
63 173 125
63 173 122
63 173 122
63 125 122
63 125 173
63 125 122
63 122 173
63 122 125
63 122 122
63 122 173
63 122 125
63 122 122
63 187 110
63 187 104
63 187 140
63 110 104
63 110 187
63 110 140
63 104 187
63 104 110
63 104 140
63 140 187
63 140 110
63 140 104
63 253 101
63 253 106
63 253 165
63 101 106
63 101 253
63 101 165
63 106 253
63 106 101
63 106 165
63 165 253
63 165 101
63 165 106
63 195 110
63 195 91
63 195 108
63 110 91
63 110 195
63 110 108
63 91 195
63 91 110
63 91 108
63 108 195
63 108 110
63 108 91
