120 64 100
120 64 69
120 64 101
120 100 69
120 100 64
120 100 101
120 69 64
120 69 100
120 69 101
120 101 64
120 101 100
120 101 69
120 71 88
120 71 79
120 71 54
120 88 79
120 88 71
120 88 54
120 79 71
120 79 88
120 79 54
120 54 71
120 54 88
120 54 79
120 118 125
120 118 68
120 118 88
120 125 68
120 125 118
120 125 88
120 68 118
120 68 125
120 68 88
120 88 118
120 88 125
120 88 68
120 142 132
120 142 70
120 142 118
120 132 70
120 132 142
120 132 118
120 70 142
120 70 132
120 70 118
120 118 142
120 118 132
120 118 70
120 154 121
120 154 72
120 154 112
120 121 72
120 121 154
120 121 112
120 72 154
120 72 121
120 72 112
120 112 154
120 112 121
120 112 72
