95 187 120
95 187 103
95 187 126
95 120 103
95 120 187
95 120 126
95 103 187
95 103 120
95 103 126
95 126 187
95 126 120
95 126 103
95 239 136
95 239 92
95 239 142
95 136 92
95 136 239
95 136 142
95 92 239
95 92 136
95 92 142
95 142 239
95 142 136
95 142 92
95 167 101
95 167 114
95 167 115
95 101 114
95 101 167
95 101 115
95 114 167
95 114 101
95 114 115
95 115 167
95 115 101
95 115 114
95 162 103
95 162 110
95 162 115
95 103 110
95 103 162
95 103 115
95 110 162
95 110 103
95 110 115
95 115 162
95 115 103
95 115 110
95 212 91
95 212 97
95 212 136
95 91 97
95 91 212
95 91 136
95 97 212
95 97 91
95 97 136
95 136 212
95 136 91
95 136 97
