60 65 43
60 65 40
60 65 47
60 43 40
60 43 65
60 43 47
60 40 65
60 40 43
60 40 47
60 47 65
60 47 43
60 47 40
60 55 47
60 55 65
60 55 68
60 47 65
60 47 55
60 47 68
60 65 55
60 65 47
60 65 68
60 68 55
60 68 47
60 68 65
60 41 38
60 41 46
60 41 66
60 38 46
60 38 41
60 38 66
60 46 41
60 46 38
60 46 66
60 66 41
60 66 38
60 66 46
60 57 43
60 57 57
60 57 34
60 43 57
60 43 57
60 43 34
60 57 57
60 57 43
60 57 34
60 34 57
60 34 43
60 34 57
60 69 36
60 69 42
60 69 62
60 36 42
60 36 69
60 36 62
60 42 69
60 42 36
60 42 62
60 62 69
60 62 36
60 62 42
