44 25 50
44 25 36
44 25 42
44 50 36
44 50 25
44 50 42
44 36 25
44 36 50
44 36 42
44 42 25
44 42 50
44 42 36
44 50 14
44 50 23
44 50 12
44 14 23
44 14 50
44 14 12
44 23 50
44 23 14
44 23 12
44 12 50
44 12 14
44 12 23
44 33 53
44 33 42
44 33 49
44 53 42
44 53 33
44 53 49
44 42 33
44 42 53
44 42 49
44 49 33
44 49 53
44 49 42
44 47 75
44 47 77
44 47 77
44 75 77
44 75 47
44 75 77
44 77 47
44 77 75
44 77 77
44 77 47
44 77 75
44 77 77
44 20 105
44 20 85
44 20 88
44 105 85
44 105 20
44 105 88
44 85 20
44 85 105
44 85 88
44 88 20
44 88 105
44 88 85
