85 76 70
85 76 56
85 76 61
85 70 56
85 70 76
85 70 61
85 56 76
85 56 70
85 56 61
85 61 76
85 61 70
85 61 56
85 41 78
85 41 73
85 41 64
85 78 73
85 78 41
85 78 64
85 73 41
85 73 78
85 73 64
85 64 41
85 64 78
85 64 73
85 82 69
85 82 54
85 82 62
85 69 54
85 69 82
85 69 62
85 54 82
85 54 69
85 54 62
85 62 82
85 62 69
85 62 54
85 54 56
85 54 61
85 54 61
85 56 61
85 56 54
85 56 61
85 61 54
85 61 56
85 61 61
85 61 54
85 61 56
85 61 61
85 99 49
85 99 45
85 99 36
85 49 45
85 49 99
85 49 36
85 45 99
85 45 49
85 45 36
85 36 99
85 36 49
85 36 45
