80 67 40
80 67 48
80 67 57
80 40 48
80 40 67
80 40 57
80 48 67
80 48 40
80 48 57
80 57 67
80 57 40
80 57 48
80 75 61
80 75 40
80 75 62
80 61 40
80 61 75
80 61 62
80 40 75
80 40 61
80 40 62
80 62 75
80 62 61
80 62 40
80 74 41
80 74 42
80 74 51
80 41 42
80 41 74
80 41 51
80 42 74
80 42 41
80 42 51
80 51 74
80 51 41
80 51 42
80 75 41
80 75 35
80 75 50
80 41 35
80 41 75
80 41 50
80 35 75
80 35 41
80 35 50
80 50 75
80 50 41
80 50 35
80 75 49
80 75 43
80 75 60
80 49 43
80 49 75
80 49 60
80 43 75
80 43 49
80 43 60
80 60 75
80 60 49
80 60 43
