89 465 186
89 465 192
89 465 190
89 186 192
89 186 465
89 186 190
89 192 465
89 192 186
89 192 190
89 190 465
89 190 186
89 190 192
89 481 177
89 481 182
89 481 228
89 177 182
89 177 481
89 177 228
89 182 481
89 182 177
89 182 228
89 228 481
89 228 177
89 228 182
89 455 257
89 455 208
89 455 259
89 257 208
89 257 455
89 257 259
89 208 455
89 208 257
89 208 259
89 259 455
89 259 257
89 259 208
89 555 156
89 555 160
89 555 240
89 156 160
89 156 555
89 156 240
89 160 555
89 160 156
89 160 240
89 240 555
89 240 156
89 240 160
89 429 165
89 429 167
89 429 188
89 165 167
89 165 429
89 165 188
89 167 429
89 167 165
89 167 188
89 188 429
89 188 165
89 188 167
