59 75 226
59 75 200
59 75 212
59 226 200
59 226 75
59 226 212
59 200 75
59 200 226
59 200 212
59 212 75
59 212 226
59 212 200
59 68 203
59 68 273
59 68 270
59 203 273
59 203 68
59 203 270
59 273 68
59 273 203
59 273 270
59 270 68
59 270 203
59 270 273
59 79 159
59 79 198
59 79 193
59 159 198
59 159 79
59 159 193
59 198 79
59 198 159
59 198 193
59 193 79
59 193 159
59 193 198
59 73 159
59 73 136
59 73 162
59 159 136
59 159 73
59 159 162
59 136 73
59 136 159
59 136 162
59 162 73
59 162 159
59 162 136
59 85 148
59 85 182
59 85 149
59 148 182
59 148 85
59 148 149
59 182 85
59 182 148
59 182 149
59 149 85
59 149 148
59 149 182
