94 170 101
94 170 102
94 170 113
94 101 102
94 101 170
94 101 113
94 102 170
94 102 101
94 102 113
94 113 170
94 113 101
94 113 102
94 162 119
94 162 120
94 162 133
94 119 120
94 119 162
94 119 133
94 120 162
94 120 119
94 120 133
94 133 162
94 133 119
94 133 120
94 131 115
94 131 93
94 131 101
94 115 93
94 115 131
94 115 101
94 93 131
94 93 115
94 93 101
94 101 131
94 101 115
94 101 93
94 158 104
94 158 99
94 158 91
94 104 99
94 104 158
94 104 91
94 99 158
94 99 104
94 99 91
94 91 158
94 91 104
94 91 99
94 127 89
94 127 97
94 127 81
94 89 97
94 89 127
94 89 81
94 97 127
94 97 89
94 97 81
94 81 127
94 81 89
94 81 97
