96 109 37
96 109 28
96 109 67
96 37 28
96 37 109
96 37 67
96 28 109
96 28 37
96 28 67
96 67 109
96 67 37
96 67 28
96 118 55
96 118 48
96 118 61
96 55 48
96 55 118
96 55 61
96 48 118
96 48 55
96 48 61
96 61 118
96 61 55
96 61 48
96 106 62
96 106 59
96 106 69
96 62 59
96 62 106
96 62 69
96 59 106
96 59 62
96 59 69
96 69 106
96 69 62
96 69 59
96 154 61
96 154 61
96 154 57
96 61 61
96 61 154
96 61 57
96 61 154
96 61 61
96 61 57
96 57 154
96 57 61
96 57 61
96 106 73
96 106 59
96 106 48
96 73 59
96 73 106
96 73 48
96 59 106
96 59 73
96 59 48
96 48 106
96 48 73
96 48 59
