67 69 85
67 69 101
67 69 59
67 85 101
67 85 69
67 85 59
67 101 69
67 101 85
67 101 59
67 59 69
67 59 85
67 59 101
67 74 89
67 74 73
67 74 100
67 89 73
67 89 74
67 89 100
67 73 74
67 73 89
67 73 100
67 100 74
67 100 89
67 100 73
67 99 59
67 99 50
67 99 75
67 59 50
67 59 99
67 59 75
67 50 99
67 50 59
67 50 75
67 75 99
67 75 59
67 75 50
67 99 87
67 99 80
67 99 94
67 87 80
67 87 99
67 87 94
67 80 99
67 80 87
67 80 94
67 94 99
67 94 87
67 94 80
67 113 78
67 113 73
67 113 122
67 78 73
67 78 113
67 78 122
67 73 113
67 73 78
67 73 122
67 122 113
67 122 78
67 122 73
