58 366 346
58 366 404
58 366 329
58 346 404
58 346 366
58 346 329
58 404 366
58 404 346
58 404 329
58 329 366
58 329 346
58 329 404
58 350 458
58 350 395
58 350 495
58 458 395
58 458 350
58 458 495
58 395 350
58 395 458
58 395 495
58 495 350
58 495 458
58 495 395
58 337 417
58 337 424
58 337 265
58 417 424
58 417 337
58 417 265
58 424 337
58 424 417
58 424 265
58 265 337
58 265 417
58 265 424
58 375 260
58 375 284
58 375 294
58 260 284
58 260 375
58 260 294
58 284 375
58 284 260
58 284 294
58 294 375
58 294 260
58 294 284
58 321 224
58 321 239
58 321 334
58 224 239
58 224 321
58 224 334
58 239 321
58 239 224
58 239 334
58 334 321
58 334 224
58 334 239
