64 249 103
64 249 117
64 249 128
64 103 117
64 103 249
64 103 128
64 117 249
64 117 103
64 117 128
64 128 249
64 128 103
64 128 117
64 228 99
64 228 140
64 228 160
64 99 140
64 99 228
64 99 160
64 140 228
64 140 99
64 140 160
64 160 228
64 160 99
64 160 140
64 319 113
64 319 131
64 319 153
64 113 131
64 113 319
64 113 153
64 131 319
64 131 113
64 131 153
64 153 319
64 153 113
64 153 131
64 301 98
64 301 114
64 301 182
64 98 114
64 98 301
64 98 182
64 114 301
64 114 98
64 114 182
64 182 301
64 182 98
64 182 114
64 330 87
64 330 107
64 330 131
64 87 107
64 87 330
64 87 131
64 107 330
64 107 87
64 107 131
64 131 330
64 131 87
64 131 107
