140 29 20
140 29 21
140 29 24
140 20 21
140 20 29
140 20 24
140 21 29
140 21 20
140 21 24
140 24 29
140 24 20
140 24 21
140 20 34
140 20 26
140 20 19
140 34 26
140 34 20
140 34 19
140 26 20
140 26 34
140 26 19
140 19 20
140 19 34
140 19 26
140 16 11
140 16 0
140 16 1
140 11 0
140 11 16
140 11 1
140 0 16
140 0 11
140 0 1
140 1 16
140 1 11
140 1 0
140 7 0
140 7 0
140 7 6
140 0 0
140 0 7
140 0 6
140 0 7
140 0 0
140 0 6
140 6 7
140 6 0
140 6 0
140 2 0
140 2 0
140 2 1
140 0 0
140 0 2
140 0 1
140 0 2
140 0 0
140 0 1
140 1 2
140 1 0
140 1 0
