122 73 59
122 73 63
122 73 82
122 59 63
122 59 73
122 59 82
122 63 73
122 63 59
122 63 82
122 82 73
122 82 59
122 82 63
122 70 80
122 70 90
122 70 91
122 80 90
122 80 70
122 80 91
122 90 70
122 90 80
122 90 91
122 91 70
122 91 80
122 91 90
122 46 62
122 46 83
122 46 63
122 62 83
122 62 46
122 62 63
122 83 46
122 83 62
122 83 63
122 63 46
122 63 62
122 63 83
122 67 93
122 67 105
122 67 79
122 93 105
122 93 67
122 93 79
122 105 67
122 105 93
122 105 79
122 79 67
122 79 93
122 79 105
122 60 57
122 60 73
122 60 110
122 57 73
122 57 60
122 57 110
122 73 60
122 73 57
122 73 110
122 110 60
122 110 57
122 110 73
