69 60 72
69 60 44
69 60 54
69 72 44
69 72 60
69 72 54
69 44 60
69 44 72
69 44 54
69 54 60
69 54 72
69 54 44
69 84 67
69 84 46
69 84 65
69 67 46
69 67 84
69 67 65
69 46 84
69 46 67
69 46 65
69 65 84
69 65 67
69 65 46
69 97 61
69 97 56
69 97 69
69 61 56
69 61 97
69 61 69
69 56 97
69 56 61
69 56 69
69 69 97
69 69 61
69 69 56
69 62 62
69 62 63
69 62 77
69 62 63
69 62 62
69 62 77
69 63 62
69 63 62
69 63 77
69 77 62
69 77 62
69 77 63
69 91 45
69 91 59
69 91 51
69 45 59
69 45 91
69 45 51
69 59 91
69 59 45
69 59 51
69 51 91
69 51 45
69 51 59
