127 107 108
127 107 97
127 107 93
127 108 97
127 108 107
127 108 93
127 97 107
127 97 108
127 97 93
127 93 107
127 93 108
127 93 97
127 105 71
127 105 91
127 105 118
127 71 91
127 71 105
127 71 118
127 91 105
127 91 71
127 91 118
127 118 105
127 118 71
127 118 91
127 128 70
127 128 85
127 128 94
127 70 85
127 70 128
127 70 94
127 85 128
127 85 70
127 85 94
127 94 128
127 94 70
127 94 85
127 151 103
127 151 101
127 151 102
127 103 101
127 103 151
127 103 102
127 101 151
127 101 103
127 101 102
127 102 151
127 102 103
127 102 101
127 71 94
127 71 81
127 71 79
127 94 81
127 94 71
127 94 79
127 81 71
127 81 94
127 81 79
127 79 71
127 79 94
127 79 81
