131 16 49
131 16 70
131 16 42
131 49 70
131 49 16
131 49 42
131 70 16
131 70 49
131 70 42
131 42 16
131 42 49
131 42 70
131 21 57
131 21 38
131 21 43
131 57 38
131 57 21
131 57 43
131 38 21
131 38 57
131 38 43
131 43 21
131 43 57
131 43 38
131 10 55
131 10 54
131 10 64
131 55 54
131 55 10
131 55 64
131 54 10
131 54 55
131 54 64
131 64 10
131 64 55
131 64 54
131 13 43
131 13 38
131 13 38
131 43 38
131 43 13
131 43 38
131 38 13
131 38 43
131 38 38
131 38 13
131 38 43
131 38 38
131 21 47
131 21 32
131 21 39
131 47 32
131 47 21
131 47 39
131 32 21
131 32 47
131 32 39
131 39 21
131 39 47
131 39 32
