112 75 74
112 75 93
112 75 92
112 74 93
112 74 75
112 74 92
112 93 75
112 93 74
112 93 92
112 92 75
112 92 74
112 92 93
112 63 123
112 63 112
112 63 102
112 123 112
112 123 63
112 123 102
112 112 63
112 112 123
112 112 102
112 102 63
112 102 123
112 102 112
112 86 75
112 86 83
112 86 106
112 75 83
112 75 86
112 75 106
112 83 86
112 83 75
112 83 106
112 106 86
112 106 75
112 106 83
112 58 83
112 58 59
112 58 97
112 83 59
112 83 58
112 83 97
112 59 58
112 59 83
112 59 97
112 97 58
112 97 83
112 97 59
112 74 63
112 74 81
112 74 58
112 63 81
112 63 74
112 63 58
112 81 74
112 81 63
112 81 58
112 58 74
112 58 63
112 58 81
