117 93 200
117 93 175
117 93 208
117 200 175
117 200 93
117 200 208
117 175 93
117 175 200
117 175 208
117 208 93
117 208 200
117 208 175
117 138 198
117 138 204
117 138 219
117 198 204
117 198 138
117 198 219
117 204 138
117 204 198
117 204 219
117 219 138
117 219 198
117 219 204
117 121 172
117 121 169
117 121 185
117 172 169
117 172 121
117 172 185
117 169 121
117 169 172
117 169 185
117 185 121
117 185 172
117 185 169
117 142 180
117 142 168
117 142 197
117 180 168
117 180 142
117 180 197
117 168 142
117 168 180
117 168 197
117 197 142
117 197 180
117 197 168
117 126 218
117 126 178
117 126 210
117 218 178
117 218 126
117 218 210
117 178 126
117 178 218
117 178 210
117 210 126
117 210 218
117 210 178
