99 86 75
99 86 53
99 86 70
99 75 53
99 75 86
99 75 70
99 53 86
99 53 75
99 53 70
99 70 86
99 70 75
99 70 53
99 96 68
99 96 65
99 96 65
99 68 65
99 68 96
99 68 65
99 65 96
99 65 68
99 65 65
99 65 96
99 65 68
99 65 65
99 114 62
99 114 71
99 114 79
99 62 71
99 62 114
99 62 79
99 71 114
99 71 62
99 71 79
99 79 114
99 79 62
99 79 71
99 133 56
99 133 74
99 133 81
99 56 74
99 56 133
99 56 81
99 74 133
99 74 56
99 74 81
99 81 133
99 81 56
99 81 74
99 92 87
99 92 74
99 92 80
99 87 74
99 87 92
99 87 80
99 74 92
99 74 87
99 74 80
99 80 92
99 80 87
99 80 74
