98 214 74
98 214 110
98 214 164
98 74 110
98 74 214
98 74 164
98 110 214
98 110 74
98 110 164
98 164 214
98 164 74
98 164 110
98 423 125
98 423 113
98 423 80
98 125 113
98 125 423
98 125 80
98 113 423
98 113 125
98 113 80
98 80 423
98 80 125
98 80 113
98 272 102
98 272 82
98 272 102
98 102 82
98 102 272
98 102 102
98 82 272
98 82 102
98 82 102
98 102 272
98 102 102
98 102 82
98 465 96
98 465 80
98 465 102
98 96 80
98 96 465
98 96 102
98 80 465
98 80 96
98 80 102
98 102 465
98 102 96
98 102 80
98 300 102
98 300 97
98 300 205
98 102 97
98 102 300
98 102 205
98 97 300
98 97 102
98 97 205
98 205 300
98 205 102
98 205 97
