46 54 218
46 54 187
46 54 206
46 218 187
46 218 54
46 218 206
46 187 54
46 187 218
46 187 206
46 206 54
46 206 218
46 206 187
46 57 148
46 57 161
46 57 172
46 148 161
46 148 57
46 148 172
46 161 57
46 161 148
46 161 172
46 172 57
46 172 148
46 172 161
46 53 223
46 53 259
46 53 235
46 223 259
46 223 53
46 223 235
46 259 53
46 259 223
46 259 235
46 235 53
46 235 223
46 235 259
46 71 219
46 71 175
46 71 209
46 219 175
46 219 71
46 219 209
46 175 71
46 175 219
46 175 209
46 209 71
46 209 219
46 209 175
46 57 211
46 57 263
46 57 244
46 211 263
46 211 57
46 211 244
46 263 57
46 263 211
46 263 244
46 244 57
46 244 211
46 244 263
