102 154 137
102 154 175
102 154 149
102 137 175
102 137 154
102 137 149
102 175 154
102 175 137
102 175 149
102 149 154
102 149 137
102 149 175
102 211 138
102 211 181
102 211 157
102 138 181
102 138 211
102 138 157
102 181 211
102 181 138
102 181 157
102 157 211
102 157 138
102 157 181
102 137 179
102 137 219
102 137 179
102 179 219
102 179 137
102 179 179
102 219 137
102 219 179
102 219 179
102 179 137
102 179 179
102 179 219
102 211 154
102 211 236
102 211 214
102 154 236
102 154 211
102 154 214
102 236 211
102 236 154
102 236 214
102 214 211
102 214 154
102 214 236
102 162 292
102 162 257
102 162 286
102 292 257
102 292 162
102 292 286
102 257 162
102 257 292
102 257 286
102 286 162
102 286 292
102 286 257
