77 118 74
77 118 85
77 118 73
77 74 85
77 74 118
77 74 73
77 85 118
77 85 74
77 85 73
77 73 118
77 73 74
77 73 85
77 115 43
77 115 64
77 115 72
77 43 64
77 43 115
77 43 72
77 64 115
77 64 43
77 64 72
77 72 115
77 72 43
77 72 64
77 88 46
77 88 71
77 88 52
77 46 71
77 46 88
77 46 52
77 71 88
77 71 46
77 71 52
77 52 88
77 52 46
77 52 71
77 103 59
77 103 54
77 103 74
77 59 54
77 59 103
77 59 74
77 54 103
77 54 59
77 54 74
77 74 103
77 74 59
77 74 54
77 119 50
77 119 58
77 119 65
77 50 58
77 50 119
77 50 65
77 58 119
77 58 50
77 58 65
77 65 119
77 65 50
77 65 58
