68 246 155
68 246 165
68 246 190
68 155 165
68 155 246
68 155 190
68 165 246
68 165 155
68 165 190
68 190 246
68 190 155
68 190 165
68 206 141
68 206 155
68 206 193
68 141 155
68 141 206
68 141 193
68 155 206
68 155 141
68 155 193
68 193 206
68 193 141
68 193 155
68 253 153
68 253 131
68 253 229
68 153 131
68 153 253
68 153 229
68 131 253
68 131 153
68 131 229
68 229 253
68 229 153
68 229 131
68 253 160
68 253 154
68 253 218
68 160 154
68 160 253
68 160 218
68 154 253
68 154 160
68 154 218
68 218 253
68 218 160
68 218 154
68 243 152
68 243 190
68 243 212
68 152 190
68 152 243
68 152 212
68 190 243
68 190 152
68 190 212
68 212 243
68 212 152
68 212 190
