114 519 232
114 519 313
114 519 169
114 232 313
114 232 519
114 232 169
114 313 519
114 313 232
114 313 169
114 169 519
114 169 232
114 169 313
114 504 366
114 504 329
114 504 164
114 366 329
114 366 504
114 366 164
114 329 504
114 329 366
114 329 164
114 164 504
114 164 366
114 164 329
114 285 299
114 285 239
114 285 231
114 299 239
114 299 285
114 299 231
114 239 285
114 239 299
114 239 231
114 231 285
114 231 299
114 231 239
114 651 298
114 651 257
114 651 137
114 298 257
114 298 651
114 298 137
114 257 651
114 257 298
114 257 137
114 137 651
114 137 298
114 137 257
114 367 210
114 367 151
114 367 214
114 210 151
114 210 367
114 210 214
114 151 367
114 151 210
114 151 214
114 214 367
114 214 210
114 214 151
