71 97 55
71 97 48
71 97 64
71 55 48
71 55 97
71 55 64
71 48 97
71 48 55
71 48 64
71 64 97
71 64 55
71 64 48
71 89 58
71 89 41
71 89 44
71 58 41
71 58 89
71 58 44
71 41 89
71 41 58
71 41 44
71 44 89
71 44 58
71 44 41
71 91 59
71 91 48
71 91 51
71 59 48
71 59 91
71 59 51
71 48 91
71 48 59
71 48 51
71 51 91
71 51 59
71 51 48
71 110 54
71 110 49
71 110 65
71 54 49
71 54 110
71 54 65
71 49 110
71 49 54
71 49 65
71 65 110
71 65 54
71 65 49
71 116 65
71 116 51
71 116 59
71 65 51
71 65 116
71 65 59
71 51 116
71 51 65
71 51 59
71 59 116
71 59 65
71 59 51
