134 65 56
134 65 63
134 65 73
134 56 63
134 56 65
134 56 73
134 63 65
134 63 56
134 63 73
134 73 65
134 73 56
134 73 63
134 83 54
134 83 62
134 83 81
134 54 62
134 54 83
134 54 81
134 62 83
134 62 54
134 62 81
134 81 83
134 81 54
134 81 62
134 61 51
134 61 49
134 61 43
134 51 49
134 51 61
134 51 43
134 49 61
134 49 51
134 49 43
134 43 61
134 43 51
134 43 49
134 45 0
134 45 0
134 45 42
134 0 0
134 0 45
134 0 42
134 0 45
134 0 0
134 0 42
134 42 45
134 42 0
134 42 0
134 14 0
134 14 0
134 14 12
134 0 0
134 0 14
134 0 12
134 0 14
134 0 0
134 0 12
134 12 14
134 12 0
134 12 0
