107 276 120
107 276 138
107 276 211
107 120 138
107 120 276
107 120 211
107 138 276
107 138 120
107 138 211
107 211 276
107 211 120
107 211 138
107 199 118
107 199 117
107 199 160
107 118 117
107 118 199
107 118 160
107 117 199
107 117 118
107 117 160
107 160 199
107 160 118
107 160 117
107 187 360
107 187 310
107 187 280
107 360 310
107 360 187
107 360 280
107 310 187
107 310 360
107 310 280
107 280 187
107 280 360
107 280 310
107 246 225
107 246 218
107 246 333
107 225 218
107 225 246
107 225 333
107 218 246
107 218 225
107 218 333
107 333 246
107 333 225
107 333 218
107 267 302
107 267 243
107 267 318
107 302 243
107 302 267
107 302 318
107 243 267
107 243 302
107 243 318
107 318 267
107 318 302
107 318 243
