85 64 78
85 64 46
85 64 52
85 78 46
85 78 64
85 78 52
85 46 64
85 46 78
85 46 52
85 52 64
85 52 78
85 52 46
85 73 42
85 73 33
85 73 58
85 42 33
85 42 73
85 42 58
85 33 73
85 33 42
85 33 58
85 58 73
85 58 42
85 58 33
85 39 62
85 39 46
85 39 54
85 62 46
85 62 39
85 62 54
85 46 39
85 46 62
85 46 54
85 54 39
85 54 62
85 54 46
85 72 49
85 72 37
85 72 71
85 49 37
85 49 72
85 49 71
85 37 72
85 37 49
85 37 71
85 71 72
85 71 49
85 71 37
85 51 60
85 51 48
85 51 85
85 60 48
85 60 51
85 60 85
85 48 51
85 48 60
85 48 85
85 85 51
85 85 60
85 85 48
