118 113 97
118 113 87
118 113 109
118 97 87
118 97 113
118 97 109
118 87 113
118 87 97
118 87 109
118 109 113
118 109 97
118 109 87
118 119 70
118 119 101
118 119 116
118 70 101
118 70 119
118 70 116
118 101 119
118 101 70
118 101 116
118 116 119
118 116 70
118 116 101
118 90 67
118 90 98
118 90 120
118 67 98
118 67 90
118 67 120
118 98 90
118 98 67
118 98 120
118 120 90
118 120 67
118 120 98
118 125 74
118 125 69
118 125 82
118 74 69
118 74 125
118 74 82
118 69 125
118 69 74
118 69 82
118 82 125
118 82 74
118 82 69
118 116 81
118 116 75
118 116 90
118 81 75
118 81 116
118 81 90
118 75 116
118 75 81
118 75 90
118 90 116
118 90 81
118 90 75
