123 31 203
123 31 160
123 31 148
123 203 160
123 203 31
123 203 148
123 160 31
123 160 203
123 160 148
123 148 31
123 148 203
123 148 160
123 43 221
123 43 172
123 43 175
123 221 172
123 221 43
123 221 175
123 172 43
123 172 221
123 172 175
123 175 43
123 175 221
123 175 172
123 41 182
123 41 200
123 41 142
123 182 200
123 182 41
123 182 142
123 200 41
123 200 182
123 200 142
123 142 41
123 142 182
123 142 200
123 39 170
123 39 170
123 39 153
123 170 170
123 170 39
123 170 153
123 170 39
123 170 170
123 170 153
123 153 39
123 153 170
123 153 170
123 25 111
123 25 122
123 25 117
123 111 122
123 111 25
123 111 117
123 122 25
123 122 111
123 122 117
123 117 25
123 117 111
123 117 122
