137 38 25
137 38 21
137 38 31
137 25 21
137 25 38
137 25 31
137 21 38
137 21 25
137 21 31
137 31 38
137 31 25
137 31 21
137 19 32
137 19 24
137 19 32
137 32 24
137 32 19
137 32 32
137 24 19
137 24 32
137 24 32
137 32 19
137 32 32
137 32 24
137 26 25
137 26 17
137 26 31
137 25 17
137 25 26
137 25 31
137 17 26
137 17 25
137 17 31
137 31 26
137 31 25
137 31 17
137 13 13
137 13 11
137 13 15
137 13 11
137 13 13
137 13 15
137 11 13
137 11 13
137 11 15
137 15 13
137 15 13
137 15 11
137 14 10
137 14 9
137 14 12
137 10 9
137 10 14
137 10 12
137 9 14
137 9 10
137 9 12
137 12 14
137 12 10
137 12 9
