44 22 33
44 22 45
44 22 20
44 33 45
44 33 22
44 33 20
44 45 22
44 45 33
44 45 20
44 20 22
44 20 33
44 20 45
44 38 33
44 38 33
44 38 32
44 33 33
44 33 38
44 33 32
44 33 38
44 33 33
44 33 32
44 32 38
44 32 33
44 32 33
44 19 47
44 19 37
44 19 39
44 47 37
44 47 19
44 47 39
44 37 19
44 37 47
44 37 39
44 39 19
44 39 47
44 39 37
44 18 81
44 18 84
44 18 63
44 81 84
44 81 18
44 81 63
44 84 18
44 84 81
44 84 63
44 63 18
44 63 81
44 63 84
44 39 120
44 39 107
44 39 70
44 120 107
44 120 39
44 120 70
44 107 39
44 107 120
44 107 70
44 70 39
44 70 120
44 70 107
