113 157 252
113 157 307
113 157 281
113 252 307
113 252 157
113 252 281
113 307 157
113 307 252
113 307 281
113 281 157
113 281 252
113 281 307
113 184 256
113 184 265
113 184 292
113 256 265
113 256 184
113 256 292
113 265 184
113 265 256
113 265 292
113 292 184
113 292 256
113 292 265
113 180 252
113 180 234
113 180 244
113 252 234
113 252 180
113 252 244
113 234 180
113 234 252
113 234 244
113 244 180
113 244 252
113 244 234
113 187 167
113 187 207
113 187 174
113 167 207
113 167 187
113 167 174
113 207 187
113 207 167
113 207 174
113 174 187
113 174 167
113 174 207
113 195 169
113 195 194
113 195 187
113 169 194
113 169 195
113 169 187
113 194 195
113 194 169
113 194 187
113 187 195
113 187 169
113 187 194
