81 48 43
81 48 45
81 48 53
81 43 45
81 43 48
81 43 53
81 45 48
81 45 43
81 45 53
81 53 48
81 53 43
81 53 45
81 50 31
81 50 47
81 50 65
81 31 47
81 31 50
81 31 65
81 47 50
81 47 31
81 47 65
81 65 50
81 65 31
81 65 47
81 59 48
81 59 38
81 59 58
81 48 38
81 48 59
81 48 58
81 38 59
81 38 48
81 38 58
81 58 59
81 58 48
81 58 38
81 95 52
81 95 54
81 95 58
81 52 54
81 52 95
81 52 58
81 54 95
81 54 52
81 54 58
81 58 95
81 58 52
81 58 54
81 64 47
81 64 53
81 64 72
81 47 53
81 47 64
81 47 72
81 53 64
81 53 47
81 53 72
81 72 64
81 72 47
81 72 53
