76 120 88
76 120 98
76 120 62
76 88 98
76 88 120
76 88 62
76 98 120
76 98 88
76 98 62
76 62 120
76 62 88
76 62 98
76 87 55
76 87 57
76 87 78
76 55 57
76 55 87
76 55 78
76 57 87
76 57 55
76 57 78
76 78 87
76 78 55
76 78 57
76 104 72
76 104 68
76 104 99
76 72 68
76 72 104
76 72 99
76 68 104
76 68 72
76 68 99
76 99 104
76 99 72
76 99 68
76 124 76
76 124 78
76 124 65
76 76 78
76 76 124
76 76 65
76 78 124
76 78 76
76 78 65
76 65 124
76 65 76
76 65 78
76 140 36
76 140 57
76 140 82
76 36 57
76 36 140
76 36 82
76 57 140
76 57 36
76 57 82
76 82 140
76 82 36
76 82 57
