64 49 70
64 49 60
64 49 74
64 70 60
64 70 49
64 70 74
64 60 49
64 60 70
64 60 74
64 74 49
64 74 70
64 74 60
64 52 58
64 52 71
64 52 78
64 58 71
64 58 52
64 58 78
64 71 52
64 71 58
64 71 78
64 78 52
64 78 58
64 78 71
64 52 63
64 52 64
64 52 68
64 63 64
64 63 52
64 63 68
64 64 52
64 64 63
64 64 68
64 68 52
64 68 63
64 68 64
64 65 38
64 65 60
64 65 34
64 38 60
64 38 65
64 38 34
64 60 65
64 60 38
64 60 34
64 34 65
64 34 38
64 34 60
64 43 63
64 43 54
64 43 74
64 63 54
64 63 43
64 63 74
64 54 43
64 54 63
64 54 74
64 74 43
64 74 63
64 74 54
