55 58 188
55 58 229
55 58 196
55 188 229
55 188 58
55 188 196
55 229 58
55 229 188
55 229 196
55 196 58
55 196 188
55 196 229
55 58 240
55 58 213
55 58 212
55 240 213
55 240 58
55 240 212
55 213 58
55 213 240
55 213 212
55 212 58
55 212 240
55 212 213
55 52 205
55 52 184
55 52 197
55 205 184
55 205 52
55 205 197
55 184 52
55 184 205
55 184 197
55 197 52
55 197 205
55 197 184
55 70 192
55 70 240
55 70 201
55 192 240
55 192 70
55 192 201
55 240 70
55 240 192
55 240 201
55 201 70
55 201 192
55 201 240
55 84 189
55 84 146
55 84 167
55 189 146
55 189 84
55 189 167
55 146 84
55 146 189
55 146 167
55 167 84
55 167 189
55 167 146
