42 34 63
42 34 68
42 34 51
42 63 68
42 63 34
42 63 51
42 68 34
42 68 63
42 68 51
42 51 34
42 51 63
42 51 68
42 22 54
42 22 47
42 22 30
42 54 47
42 54 22
42 54 30
42 47 22
42 47 54
42 47 30
42 30 22
42 30 54
42 30 47
42 25 72
42 25 98
42 25 91
42 72 98
42 72 25
42 72 91
42 98 25
42 98 72
42 98 91
42 91 25
42 91 72
42 91 98
42 45 118
42 45 104
42 45 121
42 118 104
42 118 45
42 118 121
42 104 45
42 104 118
42 104 121
42 121 45
42 121 118
42 121 104
42 58 139
42 58 123
42 58 124
42 139 123
42 139 58
42 139 124
42 123 58
42 123 139
42 123 124
42 124 58
42 124 139
42 124 123
