68 129 99
68 129 135
68 129 59
68 99 135
68 99 129
68 99 59
68 135 129
68 135 99
68 135 59
68 59 129
68 59 99
68 59 135
68 214 115
68 214 123
68 214 101
68 115 123
68 115 214
68 115 101
68 123 214
68 123 115
68 123 101
68 101 214
68 101 115
68 101 123
68 230 130
68 230 129
68 230 82
68 130 129
68 130 230
68 130 82
68 129 230
68 129 130
68 129 82
68 82 230
68 82 130
68 82 129
68 185 158
68 185 142
68 185 88
68 158 142
68 158 185
68 158 88
68 142 185
68 142 158
68 142 88
68 88 185
68 88 158
68 88 142
68 205 152
68 205 171
68 205 89
68 152 171
68 152 205
68 152 89
68 171 205
68 171 152
68 171 89
68 89 205
68 89 152
68 89 171
