46 86 137
46 86 146
46 86 134
46 137 146
46 137 86
46 137 134
46 146 86
46 146 137
46 146 134
46 134 86
46 134 137
46 134 146
46 57 115
46 57 107
46 57 104
46 115 107
46 115 57
46 115 104
46 107 57
46 107 115
46 107 104
46 104 57
46 104 115
46 104 107
46 84 170
46 84 151
46 84 171
46 170 151
46 170 84
46 170 171
46 151 84
46 151 170
46 151 171
46 171 84
46 171 170
46 171 151
46 83 204
46 83 207
46 83 203
46 204 207
46 204 83
46 204 203
46 207 83
46 207 204
46 207 203
46 203 83
46 203 204
46 203 207
46 105 238
46 105 235
46 105 219
46 238 235
46 238 105
46 238 219
46 235 105
46 235 238
46 235 219
46 219 105
46 219 238
46 219 235
