49 15 22
49 15 33
49 15 48
49 22 33
49 22 15
49 22 48
49 33 15
49 33 22
49 33 48
49 48 15
49 48 22
49 48 33
49 14 22
49 14 17
49 14 21
49 22 17
49 22 14
49 22 21
49 17 14
49 17 22
49 17 21
49 21 14
49 21 22
49 21 17
49 12 40
49 12 28
49 12 48
49 40 28
49 40 12
49 40 48
49 28 12
49 28 40
49 28 48
49 48 12
49 48 40
49 48 28
49 15 32
49 15 51
49 15 22
49 32 51
49 32 15
49 32 22
49 51 15
49 51 32
49 51 22
49 22 15
49 22 32
49 22 51
49 19 26
49 19 34
49 19 27
49 26 34
49 26 19
49 26 27
49 34 19
49 34 26
49 34 27
49 27 19
49 27 26
49 27 34
