111 192 343
111 192 369
111 192 289
111 343 369
111 343 192
111 343 289
111 369 192
111 369 343
111 369 289
111 289 192
111 289 343
111 289 369
111 218 403
111 218 374
111 218 356
111 403 374
111 403 218
111 403 356
111 374 218
111 374 403
111 374 356
111 356 218
111 356 403
111 356 374
111 171 293
111 171 288
111 171 244
111 293 288
111 293 171
111 293 244
111 288 171
111 288 293
111 288 244
111 244 171
111 244 293
111 244 288
111 197 241
111 197 237
111 197 233
111 241 237
111 241 197
111 241 233
111 237 197
111 237 241
111 237 233
111 233 197
111 233 241
111 233 237
111 196 189
111 196 211
111 196 218
111 189 211
111 189 196
111 189 218
111 211 196
111 211 189
111 211 218
111 218 196
111 218 189
111 218 211
