121 55 60
121 55 70
121 55 95
121 60 70
121 60 55
121 60 95
121 70 55
121 70 60
121 70 95
121 95 55
121 95 60
121 95 70
121 96 62
121 96 55
121 96 93
121 62 55
121 62 96
121 62 93
121 55 96
121 55 62
121 55 93
121 93 96
121 93 62
121 93 55
121 68 79
121 68 73
121 68 72
121 79 73
121 79 68
121 79 72
121 73 68
121 73 79
121 73 72
121 72 68
121 72 79
121 72 73
121 54 91
121 54 76
121 54 89
121 91 76
121 91 54
121 91 89
121 76 54
121 76 91
121 76 89
121 89 54
121 89 91
121 89 76
121 61 89
121 61 82
121 61 82
121 89 82
121 89 61
121 89 82
121 82 61
121 82 89
121 82 82
121 82 61
121 82 89
121 82 82
