130 67 60
130 67 92
130 67 90
130 60 92
130 60 67
130 60 90
130 92 67
130 92 60
130 92 90
130 90 67
130 90 60
130 90 92
130 68 72
130 68 80
130 68 84
130 72 80
130 72 68
130 72 84
130 80 68
130 80 72
130 80 84
130 84 68
130 84 72
130 84 80
130 42 77
130 42 49
130 42 79
130 77 49
130 77 42
130 77 79
130 49 42
130 49 77
130 49 79
130 79 42
130 79 77
130 79 49
130 70 56
130 70 80
130 70 78
130 56 80
130 56 70
130 56 78
130 80 70
130 80 56
130 80 78
130 78 70
130 78 56
130 78 80
130 46 57
130 46 47
130 46 69
130 57 47
130 57 46
130 57 69
130 47 46
130 47 57
130 47 69
130 69 46
130 69 57
130 69 47
