98 38 68
98 38 59
98 38 75
98 68 59
98 68 38
98 68 75
98 59 38
98 59 68
98 59 75
98 75 38
98 75 68
98 75 59
98 32 72
98 32 84
98 32 60
98 72 84
98 72 32
98 72 60
98 84 32
98 84 72
98 84 60
98 60 32
98 60 72
98 60 84
98 38 67
98 38 56
98 38 67
98 67 56
98 67 38
98 67 67
98 56 38
98 56 67
98 56 67
98 67 38
98 67 67
98 67 56
98 55 71
98 55 56
98 55 59
98 71 56
98 71 55
98 71 59
98 56 55
98 56 71
98 56 59
98 59 55
98 59 71
98 59 56
98 42 70
98 42 73
98 42 81
98 70 73
98 70 42
98 70 81
98 73 42
98 73 70
98 73 81
98 81 42
98 81 70
98 81 73
