100 75 32
100 75 41
100 75 44
100 32 41
100 32 75
100 32 44
100 41 75
100 41 32
100 41 44
100 44 75
100 44 32
100 44 41
100 49 48
100 49 34
100 49 28
100 48 34
100 48 49
100 48 28
100 34 49
100 34 48
100 34 28
100 28 49
100 28 48
100 28 34
100 91 57
100 91 47
100 91 55
100 57 47
100 57 91
100 57 55
100 47 91
100 47 57
100 47 55
100 55 91
100 55 57
100 55 47
100 78 41
100 78 27
100 78 47
100 41 27
100 41 78
100 41 47
100 27 78
100 27 41
100 27 47
100 47 78
100 47 41
100 47 27
100 70 59
100 70 41
100 70 47
100 59 41
100 59 70
100 59 47
100 41 70
100 41 59
100 41 47
100 47 70
100 47 59
100 47 41
