109 288 453
109 288 395
109 288 413
109 453 395
109 453 288
109 453 413
109 395 288
109 395 453
109 395 413
109 413 288
109 413 453
109 413 395
109 173 340
109 173 471
109 173 328
109 340 471
109 340 173
109 340 328
109 471 173
109 471 340
109 471 328
109 328 173
109 328 340
109 328 471
109 166 383
109 166 401
109 166 444
109 383 401
109 383 166
109 383 444
109 401 166
109 401 383
109 401 444
109 444 166
109 444 383
109 444 401
109 214 384
109 214 439
109 214 393
109 384 439
109 384 214
109 384 393
109 439 214
109 439 384
109 439 393
109 393 214
109 393 384
109 393 439
109 203 380
109 203 360
109 203 351
109 380 360
109 380 203
109 380 351
109 360 203
109 360 380
109 360 351
109 351 203
109 351 380
109 351 360
