131 41 40
131 41 58
131 41 50
131 40 58
131 40 41
131 40 50
131 58 41
131 58 40
131 58 50
131 50 41
131 50 40
131 50 58
131 41 42
131 41 74
131 41 55
131 42 74
131 42 41
131 42 55
131 74 41
131 74 42
131 74 55
131 55 41
131 55 42
131 55 74
131 38 49
131 38 34
131 38 55
131 49 34
131 49 38
131 49 55
131 34 38
131 34 49
131 34 55
131 55 38
131 55 49
131 55 34
131 29 44
131 29 41
131 29 50
131 44 41
131 44 29
131 44 50
131 41 29
131 41 44
131 41 50
131 50 29
131 50 44
131 50 41
131 38 37
131 38 30
131 38 35
131 37 30
131 37 38
131 37 35
131 30 38
131 30 37
131 30 35
131 35 38
131 35 37
131 35 30
