86 148 26
86 148 35
86 148 23
86 26 35
86 26 148
86 26 23
86 35 148
86 35 26
86 35 23
86 23 148
86 23 26
86 23 35
86 188 33
86 188 30
86 188 20
86 33 30
86 33 188
86 33 20
86 30 188
86 30 33
86 30 20
86 20 188
86 20 33
86 20 30
86 198 19
86 198 50
86 198 32
86 19 50
86 19 198
86 19 32
86 50 198
86 50 19
86 50 32
86 32 198
86 32 19
86 32 50
86 156 41
86 156 31
86 156 16
86 41 31
86 41 156
86 41 16
86 31 156
86 31 41
86 31 16
86 16 156
86 16 41
86 16 31
86 226 32
86 226 42
86 226 36
86 32 42
86 32 226
86 32 36
86 42 226
86 42 32
86 42 36
86 36 226
86 36 32
86 36 42
