51 33 99
51 33 88
51 33 95
51 99 88
51 99 33
51 99 95
51 88 33
51 88 99
51 88 95
51 95 33
51 95 99
51 95 88
51 60 82
51 60 99
51 60 83
51 82 99
51 82 60
51 82 83
51 99 60
51 99 82
51 99 83
51 83 60
51 83 82
51 83 99
51 28 49
51 28 58
51 28 67
51 49 58
51 49 28
51 49 67
51 58 28
51 58 49
51 58 67
51 67 28
51 67 49
51 67 58
51 44 41
51 44 38
51 44 47
51 41 38
51 41 44
51 41 47
51 38 44
51 38 41
51 38 47
51 47 44
51 47 41
51 47 38
51 47 37
51 47 39
51 47 42
51 37 39
51 37 47
51 37 42
51 39 47
51 39 37
51 39 42
51 42 47
51 42 37
51 42 39
