72 110 85
72 110 89
72 110 106
72 85 89
72 85 110
72 85 106
72 89 110
72 89 85
72 89 106
72 106 110
72 106 85
72 106 89
72 115 104
72 115 76
72 115 123
72 104 76
72 104 115
72 104 123
72 76 115
72 76 104
72 76 123
72 123 115
72 123 104
72 123 76
72 138 82
72 138 98
72 138 103
72 82 98
72 82 138
72 82 103
72 98 138
72 98 82
72 98 103
72 103 138
72 103 82
72 103 98
72 111 95
72 111 91
72 111 97
72 95 91
72 95 111
72 95 97
72 91 111
72 91 95
72 91 97
72 97 111
72 97 95
72 97 91
72 123 98
72 123 66
72 123 109
72 98 66
72 98 123
72 98 109
72 66 123
72 66 98
72 66 109
72 109 123
72 109 98
72 109 66
