84 127 94
84 127 70
84 127 102
84 94 70
84 94 127
84 94 102
84 70 127
84 70 94
84 70 102
84 102 127
84 102 94
84 102 70
84 153 101
84 153 96
84 153 109
84 101 96
84 101 153
84 101 109
84 96 153
84 96 101
84 96 109
84 109 153
84 109 101
84 109 96
84 153 94
84 153 69
84 153 118
84 94 69
84 94 153
84 94 118
84 69 153
84 69 94
84 69 118
84 118 153
84 118 94
84 118 69
84 152 84
84 152 90
84 152 107
84 84 90
84 84 152
84 84 107
84 90 152
84 90 84
84 90 107
84 107 152
84 107 84
84 107 90
84 143 98
84 143 79
84 143 103
84 98 79
84 98 143
84 98 103
84 79 143
84 79 98
84 79 103
84 103 143
84 103 98
84 103 79
