100 199 70
100 199 71
100 199 173
100 70 71
100 70 199
100 70 173
100 71 199
100 71 70
100 71 173
100 173 199
100 173 70
100 173 71
100 160 79
100 160 59
100 160 102
100 79 59
100 79 160
100 79 102
100 59 160
100 59 79
100 59 102
100 102 160
100 102 79
100 102 59
100 240 101
100 240 91
100 240 154
100 101 91
100 101 240
100 101 154
100 91 240
100 91 101
100 91 154
100 154 240
100 154 101
100 154 91
100 119 157
100 119 123
100 119 120
100 157 123
100 157 119
100 157 120
100 123 119
100 123 157
100 123 120
100 120 119
100 120 157
100 120 123
100 284 101
100 284 99
100 284 166
100 101 99
100 101 284
100 101 166
100 99 284
100 99 101
100 99 166
100 166 284
100 166 101
100 166 99
