115 122 123
115 122 134
115 122 123
115 123 134
115 123 122
115 123 123
115 134 122
115 134 123
115 134 123
115 123 122
115 123 123
115 123 134
115 113 151
115 113 132
115 113 163
115 151 132
115 151 113
115 151 163
115 132 113
115 132 151
115 132 163
115 163 113
115 163 151
115 163 132
115 98 113
115 98 115
115 98 111
115 113 115
115 113 98
115 113 111
115 115 98
115 115 113
115 115 111
115 111 98
115 111 113
115 111 115
115 119 70
115 119 101
115 119 116
115 70 101
115 70 119
115 70 116
115 101 119
115 101 70
115 101 116
115 116 119
115 116 70
115 116 101
115 113 97
115 113 87
115 113 109
115 97 87
115 97 113
115 97 109
115 87 113
115 87 97
115 87 109
115 109 113
115 109 97
115 109 87
