87 73 45
87 73 44
87 73 41
87 45 44
87 45 73
87 45 41
87 44 73
87 44 45
87 44 41
87 41 73
87 41 45
87 41 44
87 94 27
87 94 24
87 94 37
87 27 24
87 27 94
87 27 37
87 24 94
87 24 27
87 24 37
87 37 94
87 37 27
87 37 24
87 63 22
87 63 18
87 63 27
87 22 18
87 22 63
87 22 27
87 18 63
87 18 22
87 18 27
87 27 63
87 27 22
87 27 18
87 72 20
87 72 13
87 72 26
87 20 13
87 20 72
87 20 26
87 13 72
87 13 20
87 13 26
87 26 72
87 26 20
87 26 13
87 113 41
87 113 35
87 113 41
87 41 35
87 41 113
87 41 41
87 35 113
87 35 41
87 35 41
87 41 113
87 41 41
87 41 35
