80 112 100
80 112 92
80 112 79
80 100 92
80 100 112
80 100 79
80 92 112
80 92 100
80 92 79
80 79 112
80 79 100
80 79 92
80 135 91
80 135 77
80 135 108
80 91 77
80 91 135
80 91 108
80 77 135
80 77 91
80 77 108
80 108 135
80 108 91
80 108 77
80 103 88
80 103 76
80 103 98
80 88 76
80 88 103
80 88 98
80 76 103
80 76 88
80 76 98
80 98 103
80 98 88
80 98 76
80 141 67
80 141 74
80 141 118
80 67 74
80 67 141
80 67 118
80 74 141
80 74 67
80 74 118
80 118 141
80 118 67
80 118 74
80 120 72
80 120 56
80 120 108
80 72 56
80 72 120
80 72 108
80 56 120
80 56 72
80 56 108
80 108 120
80 108 72
80 108 56
