59 15 35
59 15 22
59 15 33
59 35 22
59 35 15
59 35 33
59 22 15
59 22 35
59 22 33
59 33 15
59 33 35
59 33 22
59 38 17
59 38 28
59 38 42
59 17 28
59 17 38
59 17 42
59 28 38
59 28 17
59 28 42
59 42 38
59 42 17
59 42 28
59 44 28
59 44 23
59 44 33
59 28 23
59 28 44
59 28 33
59 23 44
59 23 28
59 23 33
59 33 44
59 33 28
59 33 23
59 25 28
59 25 21
59 25 25
59 28 21
59 28 25
59 28 25
59 21 25
59 21 28
59 21 25
59 25 25
59 25 28
59 25 21
59 53 31
59 53 23
59 53 25
59 31 23
59 31 53
59 31 25
59 23 53
59 23 31
59 23 25
59 25 53
59 25 31
59 25 23
