64 90 48
64 90 44
64 90 48
64 48 44
64 48 90
64 48 48
64 44 90
64 44 48
64 44 48
64 48 90
64 48 48
64 48 44
64 60 46
64 60 52
64 60 52
64 46 52
64 46 60
64 46 52
64 52 60
64 52 46
64 52 52
64 52 60
64 52 46
64 52 52
64 79 54
64 79 59
64 79 61
64 54 59
64 54 79
64 54 61
64 59 79
64 59 54
64 59 61
64 61 79
64 61 54
64 61 59
64 92 55
64 92 41
64 92 50
64 55 41
64 55 92
64 55 50
64 41 92
64 41 55
64 41 50
64 50 92
64 50 55
64 50 41
64 67 50
64 67 62
64 67 57
64 50 62
64 50 67
64 50 57
64 62 67
64 62 50
64 62 57
64 57 67
64 57 50
64 57 62
