127 212 96
127 212 135
127 212 150
127 96 135
127 96 212
127 96 150
127 135 212
127 135 96
127 135 150
127 150 212
127 150 96
127 150 135
127 172 93
127 172 93
127 172 133
127 93 93
127 93 172
127 93 133
127 93 172
127 93 93
127 93 133
127 133 172
127 133 93
127 133 93
127 192 144
127 192 110
127 192 126
127 144 110
127 144 192
127 144 126
127 110 192
127 110 144
127 110 126
127 126 192
127 126 144
127 126 110
127 154 93
127 154 73
127 154 88
127 93 73
127 93 154
127 93 88
127 73 154
127 73 93
127 73 88
127 88 154
127 88 93
127 88 73
127 122 110
127 122 109
127 122 129
127 110 109
127 110 122
127 110 129
127 109 122
127 109 110
127 109 129
127 129 122
127 129 110
127 129 109
