84 151 69
84 151 50
84 151 67
84 69 50
84 69 151
84 69 67
84 50 151
84 50 69
84 50 67
84 67 151
84 67 69
84 67 50
84 135 49
84 135 56
84 135 56
84 49 56
84 49 135
84 49 56
84 56 135
84 56 49
84 56 56
84 56 135
84 56 49
84 56 56
84 105 63
84 105 47
84 105 47
84 63 47
84 63 105
84 63 47
84 47 105
84 47 63
84 47 47
84 47 105
84 47 63
84 47 47
84 162 68
84 162 50
84 162 61
84 68 50
84 68 162
84 68 61
84 50 162
84 50 68
84 50 61
84 61 162
84 61 68
84 61 50
84 80 72
84 80 61
84 80 89
84 72 61
84 72 80
84 72 89
84 61 80
84 61 72
84 61 89
84 89 80
84 89 72
84 89 61
