98 145 186
98 145 151
98 145 202
98 186 151
98 186 145
98 186 202
98 151 145
98 151 186
98 151 202
98 202 145
98 202 186
98 202 151
98 173 160
98 173 147
98 173 190
98 160 147
98 160 173
98 160 190
98 147 173
98 147 160
98 147 190
98 190 173
98 190 160
98 190 147
98 242 165
98 242 151
98 242 175
98 165 151
98 165 242
98 165 175
98 151 242
98 151 165
98 151 175
98 175 242
98 175 165
98 175 151
98 187 196
98 187 191
98 187 221
98 196 191
98 196 187
98 196 221
98 191 187
98 191 196
98 191 221
98 221 187
98 221 196
98 221 191
98 195 210
98 195 198
98 195 201
98 210 198
98 210 195
98 210 201
98 198 195
98 198 210
98 198 201
98 201 195
98 201 210
98 201 198
