123 44 97
123 44 96
123 44 91
123 97 96
123 97 44
123 97 91
123 96 44
123 96 97
123 96 91
123 91 44
123 91 97
123 91 96
123 42 95
123 42 115
123 42 85
123 95 115
123 95 42
123 95 85
123 115 42
123 115 95
123 115 85
123 85 42
123 85 95
123 85 115
123 67 82
123 67 108
123 67 100
123 82 108
123 82 67
123 82 100
123 108 67
123 108 82
123 108 100
123 100 67
123 100 82
123 100 108
123 33 71
123 33 93
123 33 90
123 71 93
123 71 33
123 71 90
123 93 33
123 93 71
123 93 90
123 90 33
123 90 71
123 90 93
123 40 77
123 40 79
123 40 127
123 77 79
123 77 40
123 77 127
123 79 40
123 79 77
123 79 127
123 127 40
123 127 77
123 127 79
