62 14 14
62 14 23
62 14 27
62 14 23
62 14 14
62 14 27
62 23 14
62 23 14
62 23 27
62 27 14
62 27 14
62 27 23
62 14 15
62 14 23
62 14 19
62 15 23
62 15 14
62 15 19
62 23 14
62 23 15
62 23 19
62 19 14
62 19 15
62 19 23
62 18 20
62 18 13
62 18 29
62 20 13
62 20 18
62 20 29
62 13 18
62 13 20
62 13 29
62 29 18
62 29 20
62 29 13
62 10 18
62 10 29
62 10 16
62 18 29
62 18 10
62 18 16
62 29 10
62 29 18
62 29 16
62 16 10
62 16 18
62 16 29
62 16 30
62 16 17
62 16 30
62 30 17
62 30 16
62 30 30
62 17 16
62 17 30
62 17 30
62 30 16
62 30 30
62 30 17
