83 135 49
83 135 56
83 135 56
83 49 56
83 49 135
83 49 56
83 56 135
83 56 49
83 56 56
83 56 135
83 56 49
83 56 56
83 142 91
83 142 56
83 142 63
83 91 56
83 91 142
83 91 63
83 56 142
83 56 91
83 56 63
83 63 142
83 63 91
83 63 56
83 151 69
83 151 50
83 151 67
83 69 50
83 69 151
83 69 67
83 50 151
83 50 69
83 50 67
83 67 151
83 67 69
83 67 50
83 105 63
83 105 47
83 105 47
83 63 47
83 63 105
83 63 47
83 47 105
83 47 63
83 47 47
83 47 105
83 47 63
83 47 47
83 162 68
83 162 50
83 162 61
83 68 50
83 68 162
83 68 61
83 50 162
83 50 68
83 50 61
83 61 162
83 61 68
83 61 50
