54 76 363
54 76 353
54 76 305
54 363 353
54 363 76
54 363 305
54 353 76
54 353 363
54 353 305
54 305 76
54 305 363
54 305 353
54 116 420
54 116 418
54 116 425
54 420 418
54 420 116
54 420 425
54 418 116
54 418 420
54 418 425
54 425 116
54 425 420
54 425 418
54 76 211
54 76 330
54 76 276
54 211 330
54 211 76
54 211 276
54 330 76
54 330 211
54 330 276
54 276 76
54 276 211
54 276 330
54 63 262
54 63 211
54 63 184
54 262 211
54 262 63
54 262 184
54 211 63
54 211 262
54 211 184
54 184 63
54 184 262
54 184 211
54 69 213
54 69 200
54 69 221
54 213 200
54 213 69
54 213 221
54 200 69
54 200 213
54 200 221
54 221 69
54 221 213
54 221 200
