115 105 91
115 105 83
115 105 99
115 91 83
115 91 105
115 91 99
115 83 105
115 83 91
115 83 99
115 99 105
115 99 91
115 99 83
115 62 139
115 62 119
115 62 150
115 139 119
115 139 62
115 139 150
115 119 62
115 119 139
115 119 150
115 150 62
115 150 139
115 150 119
115 73 108
115 73 105
115 73 136
115 108 105
115 108 73
115 108 136
115 105 73
115 105 108
115 105 136
115 136 73
115 136 108
115 136 105
115 66 94
115 66 114
115 66 99
115 94 114
115 94 66
115 94 99
115 114 66
115 114 94
115 114 99
115 99 66
115 99 94
115 99 114
115 58 74
115 58 68
115 58 82
115 74 68
115 74 58
115 74 82
115 68 58
115 68 74
115 68 82
115 82 58
115 82 74
115 82 68
