140 13 11
140 13 10
140 13 1
140 11 10
140 11 13
140 11 1
140 10 13
140 10 11
140 10 1
140 1 13
140 1 11
140 1 10
140 16 14
140 16 36
140 16 25
140 14 36
140 14 16
140 14 25
140 36 16
140 36 14
140 36 25
140 25 16
140 25 14
140 25 36
140 6 10
140 6 9
140 6 0
140 10 9
140 10 6
140 10 0
140 9 6
140 9 10
140 9 0
140 0 6
140 0 10
140 0 9
140 0 0
140 0 0
140 0 0
140 0 0
140 0 0
140 0 0
140 0 0
140 0 0
140 0 0
140 0 0
140 0 0
140 0 0
140 0 0
140 0 0
140 0 0
140 0 0
140 0 0
140 0 0
140 0 0
140 0 0
140 0 0
140 0 0
140 0 0
140 0 0
