123 88 117
123 88 106
123 88 120
123 117 106
123 117 88
123 117 120
123 106 88
123 106 117
123 106 120
123 120 88
123 120 117
123 120 106
123 142 115
123 142 109
123 142 121
123 115 109
123 115 142
123 115 121
123 109 142
123 109 115
123 109 121
123 121 142
123 121 115
123 121 109
123 68 121
123 68 121
123 68 142
123 121 121
123 121 68
123 121 142
123 121 68
123 121 121
123 121 142
123 142 68
123 142 121
123 142 121
123 103 113
123 103 109
123 103 131
123 113 109
123 113 103
123 113 131
123 109 103
123 109 113
123 109 131
123 131 103
123 131 113
123 131 109
123 82 121
123 82 95
123 82 102
123 121 95
123 121 82
123 121 102
123 95 82
123 95 121
123 95 102
123 102 82
123 102 121
123 102 95
