77 132 53
77 132 58
77 132 79
77 53 58
77 53 132
77 53 79
77 58 132
77 58 53
77 58 79
77 79 132
77 79 53
77 79 58
77 109 83
77 109 62
77 109 98
77 83 62
77 83 109
77 83 98
77 62 109
77 62 83
77 62 98
77 98 109
77 98 83
77 98 62
77 128 69
77 128 62
77 128 75
77 69 62
77 69 128
77 69 75
77 62 128
77 62 69
77 62 75
77 75 128
77 75 69
77 75 62
77 154 62
77 154 88
77 154 108
77 62 88
77 62 154
77 62 108
77 88 154
77 88 62
77 88 108
77 108 154
77 108 62
77 108 88
77 119 79
77 119 84
77 119 117
77 79 84
77 79 119
77 79 117
77 84 119
77 84 79
77 84 117
77 117 119
77 117 79
77 117 84
