104 1700 939
104 1700 801
104 1700 1084
104 939 801
104 939 1700
104 939 1084
104 801 1700
104 801 939
104 801 1084
104 1084 1700
104 1084 939
104 1084 801
104 1782 811
104 1782 725
104 1782 988
104 811 725
104 811 1782
104 811 988
104 725 1782
104 725 811
104 725 988
104 988 1782
104 988 811
104 988 725
104 1612 825
104 1612 850
104 1612 1009
104 825 850
104 825 1612
104 825 1009
104 850 1612
104 850 825
104 850 1009
104 1009 1612
104 1009 825
104 1009 850
104 1560 850
104 1560 766
104 1560 1035
104 850 766
104 850 1560
104 850 1035
104 766 1560
104 766 850
104 766 1035
104 1035 1560
104 1035 850
104 1035 766
104 1683 885
104 1683 875
104 1683 1108
104 885 875
104 885 1683
104 885 1108
104 875 1683
104 875 885
104 875 1108
104 1108 1683
104 1108 885
104 1108 875
