138 11 14
138 11 14
138 11 23
138 14 14
138 14 11
138 14 23
138 14 11
138 14 14
138 14 23
138 23 11
138 23 14
138 23 14
138 15 27
138 15 23
138 15 30
138 27 23
138 27 15
138 27 30
138 23 15
138 23 27
138 23 30
138 30 15
138 30 27
138 30 23
138 2 5
138 2 15
138 2 7
138 5 15
138 5 2
138 5 7
138 15 2
138 15 5
138 15 7
138 7 2
138 7 5
138 7 15
138 4 4
138 4 5
138 4 2
138 4 5
138 4 4
138 4 2
138 5 4
138 5 4
138 5 2
138 2 4
138 2 4
138 2 5
138 3 2
138 3 0
138 3 3
138 2 0
138 2 3
138 2 3
138 0 3
138 0 2
138 0 3
138 3 3
138 3 2
138 3 0
