65 146 55
65 146 53
65 146 79
65 55 53
65 55 146
65 55 79
65 53 146
65 53 55
65 53 79
65 79 146
65 79 55
65 79 53
65 117 57
65 117 45
65 117 96
65 57 45
65 57 117
65 57 96
65 45 117
65 45 57
65 45 96
65 96 117
65 96 57
65 96 45
65 122 66
65 122 63
65 122 92
65 66 63
65 66 122
65 66 92
65 63 122
65 63 66
65 63 92
65 92 122
65 92 66
65 92 63
65 134 43
65 134 56
65 134 98
65 43 56
65 43 134
65 43 98
65 56 134
65 56 43
65 56 98
65 98 134
65 98 43
65 98 56
65 187 67
65 187 75
65 187 88
65 67 75
65 67 187
65 67 88
65 75 187
65 75 67
65 75 88
65 88 187
65 88 67
65 88 75
