64 111 46
64 111 45
64 111 70
64 46 45
64 46 111
64 46 70
64 45 111
64 45 46
64 45 70
64 70 111
64 70 46
64 70 45
64 114 54
64 114 44
64 114 97
64 54 44
64 54 114
64 54 97
64 44 114
64 44 54
64 44 97
64 97 114
64 97 54
64 97 44
64 103 85
64 103 59
64 103 59
64 85 59
64 85 103
64 85 59
64 59 103
64 59 85
64 59 59
64 59 103
64 59 85
64 59 59
64 85 62
64 85 65
64 85 76
64 62 65
64 62 85
64 62 76
64 65 85
64 65 62
64 65 76
64 76 85
64 76 62
64 76 65
64 106 52
64 106 48
64 106 77
64 52 48
64 52 106
64 52 77
64 48 106
64 48 52
64 48 77
64 77 106
64 77 52
64 77 48
