139 55 16
139 55 24
139 55 43
139 16 24
139 16 55
139 16 43
139 24 55
139 24 16
139 24 43
139 43 55
139 43 16
139 43 24
139 58 50
139 58 37
139 58 50
139 50 37
139 50 58
139 50 50
139 37 58
139 37 50
139 37 50
139 50 58
139 50 50
139 50 37
139 25 28
139 25 33
139 25 36
139 28 33
139 28 25
139 28 36
139 33 25
139 33 28
139 33 36
139 36 25
139 36 28
139 36 33
139 38 2
139 38 2
139 38 26
139 2 2
139 2 38
139 2 26
139 2 38
139 2 2
139 2 26
139 26 38
139 26 2
139 26 2
139 25 0
139 25 0
139 25 19
139 0 0
139 0 25
139 0 19
139 0 25
139 0 0
139 0 19
139 19 25
139 19 0
139 19 0
