53 15 67
53 15 77
53 15 64
53 67 77
53 67 15
53 67 64
53 77 15
53 77 67
53 77 64
53 64 15
53 64 67
53 64 77
53 20 75
53 20 78
53 20 88
53 75 78
53 75 20
53 75 88
53 78 20
53 78 75
53 78 88
53 88 20
53 88 75
53 88 78
53 34 59
53 34 52
53 34 67
53 59 52
53 59 34
53 59 67
53 52 34
53 52 59
53 52 67
53 67 34
53 67 59
53 67 52
53 36 41
53 36 65
53 36 59
53 41 65
53 41 36
53 41 59
53 65 36
53 65 41
53 65 59
53 59 36
53 59 41
53 59 65
53 21 76
53 21 59
53 21 52
53 76 59
53 76 21
53 76 52
53 59 21
53 59 76
53 59 52
53 52 21
53 52 76
53 52 59
