97 138 77
97 138 52
97 138 75
97 77 52
97 77 138
97 77 75
97 52 138
97 52 77
97 52 75
97 75 138
97 75 77
97 75 52
97 108 45
97 108 53
97 108 63
97 45 53
97 45 108
97 45 63
97 53 108
97 53 45
97 53 63
97 63 108
97 63 45
97 63 53
97 135 77
97 135 70
97 135 88
97 77 70
97 77 135
97 77 88
97 70 135
97 70 77
97 70 88
97 88 135
97 88 77
97 88 70
97 118 102
97 118 94
97 118 87
97 102 94
97 102 118
97 102 87
97 94 118
97 94 102
97 94 87
97 87 118
97 87 102
97 87 94
97 124 64
97 124 86
97 124 101
97 64 86
97 64 124
97 64 101
97 86 124
97 86 64
97 86 101
97 101 124
97 101 64
97 101 86
