85 41 22
85 41 17
85 41 24
85 22 17
85 22 41
85 22 24
85 17 41
85 17 22
85 17 24
85 24 41
85 24 22
85 24 17
85 17 16
85 17 34
85 17 34
85 16 34
85 16 17
85 16 34
85 34 17
85 34 16
85 34 34
85 34 17
85 34 16
85 34 34
85 30 29
85 30 15
85 30 28
85 29 15
85 29 30
85 29 28
85 15 30
85 15 29
85 15 28
85 28 30
85 28 29
85 28 15
85 34 36
85 34 35
85 34 31
85 36 35
85 36 34
85 36 31
85 35 34
85 35 36
85 35 31
85 31 34
85 31 36
85 31 35
85 20 25
85 20 19
85 20 34
85 25 19
85 25 20
85 25 34
85 19 20
85 19 25
85 19 34
85 34 20
85 34 25
85 34 19
