125 68 77
125 68 70
125 68 66
125 77 70
125 77 68
125 77 66
125 70 68
125 70 77
125 70 66
125 66 68
125 66 77
125 66 70
125 38 88
125 38 109
125 38 109
125 88 109
125 88 38
125 88 109
125 109 38
125 109 88
125 109 109
125 109 38
125 109 88
125 109 109
125 51 92
125 51 92
125 51 84
125 92 92
125 92 51
125 92 84
125 92 51
125 92 92
125 92 84
125 84 51
125 84 92
125 84 92
125 52 74
125 52 75
125 52 73
125 74 75
125 74 52
125 74 73
125 75 52
125 75 74
125 75 73
125 73 52
125 73 74
125 73 75
125 46 84
125 46 67
125 46 87
125 84 67
125 84 46
125 84 87
125 67 46
125 67 84
125 67 87
125 87 46
125 87 84
125 87 67
