106 200 195
106 200 233
106 200 220
106 195 233
106 195 200
106 195 220
106 233 200
106 233 195
106 233 220
106 220 200
106 220 195
106 220 233
106 126 186
106 126 171
106 126 186
106 186 171
106 186 126
106 186 186
106 171 126
106 171 186
106 171 186
106 186 126
106 186 186
106 186 171
106 180 342
106 180 308
106 180 337
106 342 308
106 342 180
106 342 337
106 308 180
106 308 342
106 308 337
106 337 180
106 337 342
106 337 308
106 200 214
106 200 242
106 200 258
106 214 242
106 214 200
106 214 258
106 242 200
106 242 214
106 242 258
106 258 200
106 258 214
106 258 242
106 144 350
106 144 356
106 144 305
106 350 356
106 350 144
106 350 305
106 356 144
106 356 350
106 356 305
106 305 144
106 305 350
106 305 356
