76 119 81
76 119 62
76 119 81
76 81 62
76 81 119
76 81 81
76 62 119
76 62 81
76 62 81
76 81 119
76 81 81
76 81 62
76 97 94
76 97 72
76 97 85
76 94 72
76 94 97
76 94 85
76 72 97
76 72 94
76 72 85
76 85 97
76 85 94
76 85 72
76 125 77
76 125 70
76 125 84
76 77 70
76 77 125
76 77 84
76 70 125
76 70 77
76 70 84
76 84 125
76 84 77
76 84 70
76 112 76
76 112 64
76 112 104
76 76 64
76 76 112
76 76 104
76 64 112
76 64 76
76 64 104
76 104 112
76 104 76
76 104 64
76 118 105
76 118 55
76 118 84
76 105 55
76 105 118
76 105 84
76 55 118
76 55 105
76 55 84
76 84 118
76 84 105
76 84 55
