97 141 46
97 141 40
97 141 57
97 46 40
97 46 141
97 46 57
97 40 141
97 40 46
97 40 57
97 57 141
97 57 46
97 57 40
97 144 54
97 144 49
97 144 57
97 54 49
97 54 144
97 54 57
97 49 144
97 49 54
97 49 57
97 57 144
97 57 54
97 57 49
97 154 46
97 154 39
97 154 43
97 46 39
97 46 154
97 46 43
97 39 154
97 39 46
97 39 43
97 43 154
97 43 46
97 43 39
97 119 59
97 119 35
97 119 63
97 59 35
97 59 119
97 59 63
97 35 119
97 35 59
97 35 63
97 63 119
97 63 59
97 63 35
97 104 47
97 104 68
97 104 46
97 47 68
97 47 104
97 47 46
97 68 104
97 68 47
97 68 46
97 46 104
97 46 47
97 46 68
