70 34 23
70 34 27
70 34 38
70 23 27
70 23 34
70 23 38
70 27 34
70 27 23
70 27 38
70 38 34
70 38 23
70 38 27
70 50 18
70 50 32
70 50 26
70 18 32
70 18 50
70 18 26
70 32 50
70 32 18
70 32 26
70 26 50
70 26 18
70 26 32
70 31 28
70 31 53
70 31 30
70 28 53
70 28 31
70 28 30
70 53 31
70 53 28
70 53 30
70 30 31
70 30 28
70 30 53
70 38 29
70 38 28
70 38 33
70 29 28
70 29 38
70 29 33
70 28 38
70 28 29
70 28 33
70 33 38
70 33 29
70 33 28
70 48 21
70 48 33
70 48 26
70 21 33
70 21 48
70 21 26
70 33 48
70 33 21
70 33 26
70 26 48
70 26 21
70 26 33
