74 123 49
74 123 51
74 123 65
74 49 51
74 49 123
74 49 65
74 51 123
74 51 49
74 51 65
74 65 123
74 65 49
74 65 51
74 101 50
74 101 58
74 101 70
74 50 58
74 50 101
74 50 70
74 58 101
74 58 50
74 58 70
74 70 101
74 70 50
74 70 58
74 120 74
74 120 56
74 120 73
74 74 56
74 74 120
74 74 73
74 56 120
74 56 74
74 56 73
74 73 120
74 73 74
74 73 56
74 106 67
74 106 67
74 106 50
74 67 67
74 67 106
74 67 50
74 67 106
74 67 67
74 67 50
74 50 106
74 50 67
74 50 67
74 97 58
74 97 62
74 97 71
74 58 62
74 58 97
74 58 71
74 62 97
74 62 58
74 62 71
74 71 97
74 71 58
74 71 62
