91 86 45
91 86 33
91 86 45
91 45 33
91 45 86
91 45 45
91 33 86
91 33 45
91 33 45
91 45 86
91 45 45
91 45 33
91 88 39
91 88 34
91 88 30
91 39 34
91 39 88
91 39 30
91 34 88
91 34 39
91 34 30
91 30 88
91 30 39
91 30 34
91 72 34
91 72 33
91 72 39
91 34 33
91 34 72
91 34 39
91 33 72
91 33 34
91 33 39
91 39 72
91 39 34
91 39 33
91 70 40
91 70 27
91 70 36
91 40 27
91 40 70
91 40 36
91 27 70
91 27 40
91 27 36
91 36 70
91 36 40
91 36 27
91 67 31
91 67 32
91 67 40
91 31 32
91 31 67
91 31 40
91 32 67
91 32 31
91 32 40
91 40 67
91 40 31
91 40 32
