73 78 31
73 78 45
73 78 43
73 31 45
73 31 78
73 31 43
73 45 78
73 45 31
73 45 43
73 43 78
73 43 31
73 43 45
73 74 29
73 74 47
73 74 44
73 29 47
73 29 74
73 29 44
73 47 74
73 47 29
73 47 44
73 44 74
73 44 29
73 44 47
73 74 36
73 74 48
73 74 67
73 36 48
73 36 74
73 36 67
73 48 74
73 48 36
73 48 67
73 67 74
73 67 36
73 67 48
73 88 71
73 88 48
73 88 50
73 71 48
73 71 88
73 71 50
73 48 88
73 48 71
73 48 50
73 50 88
73 50 71
73 50 48
73 82 41
73 82 49
73 82 52
73 41 49
73 41 82
73 41 52
73 49 82
73 49 41
73 49 52
73 52 82
73 52 41
73 52 49
