113 85 101
113 85 129
113 85 129
113 101 129
113 101 85
113 101 129
113 129 85
113 129 101
113 129 129
113 129 85
113 129 101
113 129 129
113 103 121
113 103 142
113 103 123
113 121 142
113 121 103
113 121 123
113 142 103
113 142 121
113 142 123
113 123 103
113 123 121
113 123 142
113 69 104
113 69 114
113 69 123
113 104 114
113 104 69
113 104 123
113 114 69
113 114 104
113 114 123
113 123 69
113 123 104
113 123 114
113 70 102
113 70 95
113 70 100
113 102 95
113 102 70
113 102 100
113 95 70
113 95 102
113 95 100
113 100 70
113 100 102
113 100 95
113 95 106
113 95 107
113 95 129
113 106 107
113 106 95
113 106 129
113 107 95
113 107 106
113 107 129
113 129 95
113 129 106
113 129 107
