74 61 38
74 61 61
74 61 57
74 38 61
74 38 61
74 38 57
74 61 61
74 61 38
74 61 57
74 57 61
74 57 38
74 57 61
74 55 75
74 55 54
74 55 57
74 75 54
74 75 55
74 75 57
74 54 55
74 54 75
74 54 57
74 57 55
74 57 75
74 57 54
74 75 49
74 75 49
74 75 79
74 49 49
74 49 75
74 49 79
74 49 75
74 49 49
74 49 79
74 79 75
74 79 49
74 79 49
74 64 44
74 64 46
74 64 80
74 44 46
74 44 64
74 44 80
74 46 64
74 46 44
74 46 80
74 80 64
74 80 44
74 80 46
74 61 67
74 61 74
74 61 75
74 67 74
74 67 61
74 67 75
74 74 61
74 74 67
74 74 75
74 75 61
74 75 67
74 75 74
