57 121 165
57 121 158
57 121 150
57 165 158
57 165 121
57 165 150
57 158 121
57 158 165
57 158 150
57 150 121
57 150 165
57 150 158
57 123 156
57 123 155
57 123 153
57 156 155
57 156 123
57 156 153
57 155 123
57 155 156
57 155 153
57 153 123
57 153 156
57 153 155
57 128 96
57 128 111
57 128 137
57 96 111
57 96 128
57 96 137
57 111 128
57 111 96
57 111 137
57 137 128
57 137 96
57 137 111
57 116 73
57 116 84
57 116 120
57 73 84
57 73 116
57 73 120
57 84 116
57 84 73
57 84 120
57 120 116
57 120 73
57 120 84
57 140 84
57 140 109
57 140 148
57 84 109
57 84 140
57 84 148
57 109 140
57 109 84
57 109 148
57 148 140
57 148 84
57 148 109
