59 20 83
59 20 58
59 20 66
59 83 58
59 83 20
59 83 66
59 58 20
59 58 83
59 58 66
59 66 20
59 66 83
59 66 58
59 28 41
59 28 44
59 28 73
59 41 44
59 41 28
59 41 73
59 44 28
59 44 41
59 44 73
59 73 28
59 73 41
59 73 44
59 15 61
59 15 61
59 15 57
59 61 61
59 61 15
59 61 57
59 61 15
59 61 61
59 61 57
59 57 15
59 57 61
59 57 61
59 22 73
59 22 65
59 22 64
59 73 65
59 73 22
59 73 64
59 65 22
59 65 73
59 65 64
59 64 22
59 64 73
59 64 65
59 26 56
59 26 73
59 26 94
59 56 73
59 56 26
59 56 94
59 73 26
59 73 56
59 73 94
59 94 26
59 94 56
59 94 73
