140 25 29
140 25 30
140 25 20
140 29 30
140 29 25
140 29 20
140 30 25
140 30 29
140 30 20
140 20 25
140 20 29
140 20 30
140 48 25
140 48 25
140 48 44
140 25 25
140 25 48
140 25 44
140 25 48
140 25 25
140 25 44
140 44 48
140 44 25
140 44 25
140 44 32
140 44 26
140 44 11
140 32 26
140 32 44
140 32 11
140 26 44
140 26 32
140 26 11
140 11 44
140 11 32
140 11 26
140 11 0
140 11 0
140 11 13
140 0 0
140 0 11
140 0 13
140 0 11
140 0 0
140 0 13
140 13 11
140 13 0
140 13 0
140 14 0
140 14 0
140 14 12
140 0 0
140 0 14
140 0 12
140 0 14
140 0 0
140 0 12
140 12 14
140 12 0
140 12 0
