64 89 65
64 89 65
64 89 82
64 65 65
64 65 89
64 65 82
64 65 89
64 65 65
64 65 82
64 82 89
64 82 65
64 82 65
64 85 65
64 85 72
64 85 106
64 65 72
64 65 85
64 65 106
64 72 85
64 72 65
64 72 106
64 106 85
64 106 65
64 106 72
64 110 74
64 110 72
64 110 98
64 74 72
64 74 110
64 74 98
64 72 110
64 72 74
64 72 98
64 98 110
64 98 74
64 98 72
64 122 69
64 122 59
64 122 69
64 69 59
64 69 122
64 69 69
64 59 122
64 59 69
64 59 69
64 69 122
64 69 69
64 69 59
64 90 52
64 90 75
64 90 67
64 52 75
64 52 90
64 52 67
64 75 90
64 75 52
64 75 67
64 67 90
64 67 52
64 67 75
