120 156 139
120 156 149
120 156 187
120 139 149
120 139 156
120 139 187
120 149 156
120 149 139
120 149 187
120 187 156
120 187 139
120 187 149
120 188 195
120 188 223
120 188 147
120 195 223
120 195 188
120 195 147
120 223 188
120 223 195
120 223 147
120 147 188
120 147 195
120 147 223
120 182 165
120 182 175
120 182 153
120 165 175
120 165 182
120 165 153
120 175 182
120 175 165
120 175 153
120 153 182
120 153 165
120 153 175
120 123 160
120 123 137
120 123 155
120 160 137
120 160 123
120 160 155
120 137 123
120 137 160
120 137 155
120 155 123
120 155 160
120 155 137
120 222 180
120 222 162
120 222 205
120 180 162
120 180 222
120 180 205
120 162 222
120 162 180
120 162 205
120 205 222
120 205 180
120 205 162
