91 150 56
91 150 52
91 150 59
91 56 52
91 56 150
91 56 59
91 52 150
91 52 56
91 52 59
91 59 150
91 59 56
91 59 52
91 119 31
91 119 41
91 119 60
91 31 41
91 31 119
91 31 60
91 41 119
91 41 31
91 41 60
91 60 119
91 60 31
91 60 41
91 84 42
91 84 50
91 84 45
91 42 50
91 42 84
91 42 45
91 50 84
91 50 42
91 50 45
91 45 84
91 45 42
91 45 50
91 100 41
91 100 49
91 100 53
91 41 49
91 41 100
91 41 53
91 49 100
91 49 41
91 49 53
91 53 100
91 53 41
91 53 49
91 124 28
91 124 43
91 124 56
91 28 43
91 28 124
91 28 56
91 43 124
91 43 28
91 43 56
91 56 124
91 56 28
91 56 43
