61 35 47
61 35 45
61 35 27
61 47 45
61 47 35
61 47 27
61 45 35
61 45 47
61 45 27
61 27 35
61 27 47
61 27 45
61 19 42
61 19 43
61 19 76
61 42 43
61 42 19
61 42 76
61 43 19
61 43 42
61 43 76
61 76 19
61 76 42
61 76 43
61 27 57
61 27 58
61 27 64
61 57 58
61 57 27
61 57 64
61 58 27
61 58 57
61 58 64
61 64 27
61 64 57
61 64 58
61 29 23
61 29 28
61 29 43
61 23 28
61 23 29
61 23 43
61 28 29
61 28 23
61 28 43
61 43 29
61 43 23
61 43 28
61 27 24
61 27 32
61 27 42
61 24 32
61 24 27
61 24 42
61 32 27
61 32 24
61 32 42
61 42 27
61 42 24
61 42 32
