46 40 89
46 40 92
46 40 92
46 89 92
46 89 40
46 89 92
46 92 40
46 92 89
46 92 92
46 92 40
46 92 89
46 92 92
46 57 103
46 57 81
46 57 62
46 103 81
46 103 57
46 103 62
46 81 57
46 81 103
46 81 62
46 62 57
46 62 103
46 62 81
46 65 102
46 65 97
46 65 105
46 102 97
46 102 65
46 102 105
46 97 65
46 97 102
46 97 105
46 105 65
46 105 102
46 105 97
46 89 132
46 89 219
46 89 154
46 132 219
46 132 89
46 132 154
46 219 89
46 219 132
46 219 154
46 154 89
46 154 132
46 154 219
46 120 260
46 120 191
46 120 272
46 260 191
46 260 120
46 260 272
46 191 120
46 191 260
46 191 272
46 272 120
46 272 260
46 272 191
