45 8 23
45 8 35
45 8 19
45 23 35
45 23 8
45 23 19
45 35 8
45 35 23
45 35 19
45 19 8
45 19 23
45 19 35
45 4 10
45 4 12
45 4 20
45 10 12
45 10 4
45 10 20
45 12 4
45 12 10
45 12 20
45 20 4
45 20 10
45 20 12
45 10 23
45 10 33
45 10 24
45 23 33
45 23 10
45 23 24
45 33 10
45 33 23
45 33 24
45 24 10
45 24 23
45 24 33
45 16 83
45 16 68
45 16 74
45 83 68
45 83 16
45 83 74
45 68 16
45 68 83
45 68 74
45 74 16
45 74 83
45 74 68
45 19 68
45 19 69
45 19 62
45 68 69
45 68 19
45 68 62
45 69 19
45 69 68
45 69 62
45 62 19
45 62 68
45 62 69
