62 11 32
62 11 35
62 11 45
62 32 35
62 32 11
62 32 45
62 35 11
62 35 32
62 35 45
62 45 11
62 45 32
62 45 35
62 9 24
62 9 29
62 9 31
62 24 29
62 24 9
62 24 31
62 29 9
62 29 24
62 29 31
62 31 9
62 31 24
62 31 29
62 14 49
62 14 40
62 14 40
62 49 40
62 49 14
62 49 40
62 40 14
62 40 49
62 40 40
62 40 14
62 40 49
62 40 40
62 22 56
62 22 46
62 22 52
62 56 46
62 56 22
62 56 52
62 46 22
62 46 56
62 46 52
62 52 22
62 52 56
62 52 46
62 25 45
62 25 28
62 25 37
62 45 28
62 45 25
62 45 37
62 28 25
62 28 45
62 28 37
62 37 25
62 37 45
62 37 28
