91 133 77
91 133 94
91 133 64
91 77 94
91 77 133
91 77 64
91 94 133
91 94 77
91 94 64
91 64 133
91 64 77
91 64 94
91 150 88
91 150 74
91 150 64
91 88 74
91 88 150
91 88 64
91 74 150
91 74 88
91 74 64
91 64 150
91 64 88
91 64 74
91 134 119
91 134 89
91 134 93
91 119 89
91 119 134
91 119 93
91 89 134
91 89 119
91 89 93
91 93 134
91 93 119
91 93 89
91 134 65
91 134 87
91 134 74
91 65 87
91 65 134
91 65 74
91 87 134
91 87 65
91 87 74
91 74 134
91 74 65
91 74 87
91 144 92
91 144 72
91 144 74
91 92 72
91 92 144
91 92 74
91 72 144
91 72 92
91 72 74
91 74 144
91 74 92
91 74 72
