69 102 35
69 102 36
69 102 40
69 35 36
69 35 102
69 35 40
69 36 102
69 36 35
69 36 40
69 40 102
69 40 35
69 40 36
69 73 28
69 73 41
69 73 56
69 28 41
69 28 73
69 28 56
69 41 73
69 41 28
69 41 56
69 56 73
69 56 28
69 56 41
69 89 48
69 89 49
69 89 81
69 48 49
69 48 89
69 48 81
69 49 89
69 49 48
69 49 81
69 81 89
69 81 48
69 81 49
69 57 59
69 57 48
69 57 83
69 59 48
69 59 57
69 59 83
69 48 57
69 48 59
69 48 83
69 83 57
69 83 59
69 83 48
69 52 48
69 52 70
69 52 60
69 48 70
69 48 52
69 48 60
69 70 52
69 70 48
69 70 60
69 60 52
69 60 48
69 60 70
