120 480 206
120 480 220
120 480 131
120 206 220
120 206 480
120 206 131
120 220 480
120 220 206
120 220 131
120 131 480
120 131 206
120 131 220
120 287 308
120 287 246
120 287 215
120 308 246
120 308 287
120 308 215
120 246 287
120 246 308
120 246 215
120 215 287
120 215 308
120 215 246
120 595 168
120 595 186
120 595 171
120 168 186
120 168 595
120 168 171
120 186 595
120 186 168
120 186 171
120 171 595
120 171 168
120 171 186
120 539 189
120 539 205
120 539 311
120 189 205
120 189 539
120 189 311
120 205 539
120 205 189
120 205 311
120 311 539
120 311 189
120 311 205
120 309 154
120 309 175
120 309 156
120 154 175
120 154 309
120 154 156
120 175 309
120 175 154
120 175 156
120 156 309
120 156 154
120 156 175
