102 53 50
102 53 53
102 53 27
102 50 53
102 50 53
102 50 27
102 53 53
102 53 50
102 53 27
102 27 53
102 27 50
102 27 53
102 87 28
102 87 33
102 87 40
102 28 33
102 28 87
102 28 40
102 33 87
102 33 28
102 33 40
102 40 87
102 40 28
102 40 33
102 65 32
102 65 46
102 65 59
102 32 46
102 32 65
102 32 59
102 46 65
102 46 32
102 46 59
102 59 65
102 59 32
102 59 46
102 85 22
102 85 38
102 85 38
102 22 38
102 22 85
102 22 38
102 38 85
102 38 22
102 38 38
102 38 85
102 38 22
102 38 38
102 72 32
102 72 38
102 72 45
102 32 38
102 32 72
102 32 45
102 38 72
102 38 32
102 38 45
102 45 72
102 45 32
102 45 38
