59 72 59
59 72 47
59 72 71
59 59 47
59 59 72
59 59 71
59 47 72
59 47 59
59 47 71
59 71 72
59 71 59
59 71 47
59 51 63
59 51 77
59 51 70
59 63 77
59 63 51
59 63 70
59 77 51
59 77 63
59 77 70
59 70 51
59 70 63
59 70 77
59 65 52
59 65 57
59 65 51
59 52 57
59 52 65
59 52 51
59 57 65
59 57 52
59 57 51
59 51 65
59 51 52
59 51 57
59 61 41
59 61 39
59 61 42
59 41 39
59 41 61
59 41 42
59 39 61
59 39 41
59 39 42
59 42 61
59 42 41
59 42 39
59 77 42
59 77 37
59 77 54
59 42 37
59 42 77
59 42 54
59 37 77
59 37 42
59 37 54
59 54 77
59 54 42
59 54 37
