50 170 434
50 170 438
50 170 406
50 434 438
50 434 170
50 434 406
50 438 170
50 438 434
50 438 406
50 406 170
50 406 434
50 406 438
50 140 384
50 140 417
50 140 442
50 384 417
50 384 140
50 384 442
50 417 140
50 417 384
50 417 442
50 442 140
50 442 384
50 442 417
50 167 329
50 167 416
50 167 328
50 329 416
50 329 167
50 329 328
50 416 167
50 416 329
50 416 328
50 328 167
50 328 329
50 328 416
50 157 319
50 157 331
50 157 278
50 319 331
50 319 157
50 319 278
50 331 157
50 331 319
50 331 278
50 278 157
50 278 319
50 278 331
50 227 233
50 227 277
50 227 220
50 233 277
50 233 227
50 233 220
50 277 227
50 277 233
50 277 220
50 220 227
50 220 233
50 220 277
