83 184 61
83 184 55
83 184 107
83 61 55
83 61 184
83 61 107
83 55 184
83 55 61
83 55 107
83 107 184
83 107 61
83 107 55
83 174 66
83 174 58
83 174 74
83 66 58
83 66 174
83 66 74
83 58 174
83 58 66
83 58 74
83 74 174
83 74 66
83 74 58
83 143 39
83 143 67
83 143 72
83 39 67
83 39 143
83 39 72
83 67 143
83 67 39
83 67 72
83 72 143
83 72 39
83 72 67
83 199 72
83 199 54
83 199 68
83 72 54
83 72 199
83 72 68
83 54 199
83 54 72
83 54 68
83 68 199
83 68 72
83 68 54
83 185 62
83 185 68
83 185 70
83 62 68
83 62 185
83 62 70
83 68 185
83 68 62
83 68 70
83 70 185
83 70 62
83 70 68
