107 93 293
107 93 287
107 93 299
107 293 287
107 293 93
107 293 299
107 287 93
107 287 293
107 287 299
107 299 93
107 299 293
107 299 287
107 51 193
107 51 140
107 51 217
107 193 140
107 193 51
107 193 217
107 140 51
107 140 193
107 140 217
107 217 51
107 217 193
107 217 140
107 75 281
107 75 224
107 75 185
107 281 224
107 281 75
107 281 185
107 224 75
107 224 281
107 224 185
107 185 75
107 185 281
107 185 224
107 59 128
107 59 133
107 59 142
107 128 133
107 128 59
107 128 142
107 133 59
107 133 128
107 133 142
107 142 59
107 142 128
107 142 133
107 49 109
107 49 151
107 49 80
107 109 151
107 109 49
107 109 80
107 151 49
107 151 109
107 151 80
107 80 49
107 80 109
107 80 151
