129 141 132
129 141 140
129 141 125
129 132 140
129 132 141
129 132 125
129 140 141
129 140 132
129 140 125
129 125 141
129 125 132
129 125 140
129 132 110
129 132 103
129 132 116
129 110 103
129 110 132
129 110 116
129 103 132
129 103 110
129 103 116
129 116 132
129 116 110
129 116 103
129 151 115
129 151 97
129 151 127
129 115 97
129 115 151
129 115 127
129 97 151
129 97 115
129 97 127
129 127 151
129 127 115
129 127 97
129 145 104
129 145 93
129 145 86
129 104 93
129 104 145
129 104 86
129 93 145
129 93 104
129 93 86
129 86 145
129 86 104
129 86 93
129 81 99
129 81 122
129 81 120
129 99 122
129 99 81
129 99 120
129 122 81
129 122 99
129 122 120
129 120 81
129 120 99
129 120 122
