140 9 5
140 9 9
140 9 10
140 5 9
140 5 9
140 5 10
140 9 9
140 9 5
140 9 10
140 10 9
140 10 5
140 10 9
140 14 3
140 14 21
140 14 23
140 3 21
140 3 14
140 3 23
140 21 14
140 21 3
140 21 23
140 23 14
140 23 3
140 23 21
140 4 0
140 4 0
140 4 0
140 0 0
140 0 4
140 0 0
140 0 4
140 0 0
140 0 0
140 0 4
140 0 0
140 0 0
140 0 0
140 0 0
140 0 4
140 0 0
140 0 0
140 0 4
140 0 0
140 0 0
140 0 4
140 4 0
140 4 0
140 4 0
140 0 0
140 0 0
140 0 0
140 0 0
140 0 0
140 0 0
140 0 0
140 0 0
140 0 0
140 0 0
140 0 0
140 0 0
