86 89 43
86 89 44
86 89 45
86 43 44
86 43 89
86 43 45
86 44 89
86 44 43
86 44 45
86 45 89
86 45 43
86 45 44
86 85 32
86 85 42
86 85 36
86 32 42
86 32 85
86 32 36
86 42 85
86 42 32
86 42 36
86 36 85
86 36 32
86 36 42
86 90 28
86 90 37
86 90 51
86 28 37
86 28 90
86 28 51
86 37 90
86 37 28
86 37 51
86 51 90
86 51 28
86 51 37
86 89 39
86 89 67
86 89 35
86 39 67
86 39 89
86 39 35
86 67 89
86 67 39
86 67 35
86 35 89
86 35 39
86 35 67
86 120 45
86 120 40
86 120 51
86 45 40
86 45 120
86 45 51
86 40 120
86 40 45
86 40 51
86 51 120
86 51 45
86 51 40
