70 147 53
70 147 49
70 147 82
70 53 49
70 53 147
70 53 82
70 49 147
70 49 53
70 49 82
70 82 147
70 82 53
70 82 49
70 150 48
70 150 72
70 150 73
70 48 72
70 48 150
70 48 73
70 72 150
70 72 48
70 72 73
70 73 150
70 73 48
70 73 72
70 131 50
70 131 76
70 131 97
70 50 76
70 50 131
70 50 97
70 76 131
70 76 50
70 76 97
70 97 131
70 97 50
70 97 76
70 120 60
70 120 55
70 120 70
70 60 55
70 60 120
70 60 70
70 55 120
70 55 60
70 55 70
70 70 120
70 70 60
70 70 55
70 129 76
70 129 66
70 129 94
70 76 66
70 76 129
70 76 94
70 66 129
70 66 76
70 66 94
70 94 129
70 94 76
70 94 66
