46 33 143
46 33 121
46 33 144
46 143 121
46 143 33
46 143 144
46 121 33
46 121 143
46 121 144
46 144 33
46 144 143
46 144 121
46 36 129
46 36 131
46 36 133
46 129 131
46 129 36
46 129 133
46 131 36
46 131 129
46 131 133
46 133 36
46 133 129
46 133 131
46 43 227
46 43 231
46 43 223
46 227 231
46 227 43
46 227 223
46 231 43
46 231 227
46 231 223
46 223 43
46 223 227
46 223 231
46 30 257
46 30 250
46 30 284
46 257 250
46 257 30
46 257 284
46 250 30
46 250 257
46 250 284
46 284 30
46 284 257
46 284 250
46 47 276
46 47 272
46 47 259
46 276 272
46 276 47
46 276 259
46 272 47
46 272 276
46 272 259
46 259 47
46 259 276
46 259 272
