126 21 30
126 21 18
126 21 24
126 30 18
126 30 21
126 30 24
126 18 21
126 18 30
126 18 24
126 24 21
126 24 30
126 24 18
126 38 21
126 38 15
126 38 20
126 21 15
126 21 38
126 21 20
126 15 38
126 15 21
126 15 20
126 20 38
126 20 21
126 20 15
126 26 16
126 26 5
126 26 25
126 16 5
126 16 26
126 16 25
126 5 26
126 5 16
126 5 25
126 25 26
126 25 16
126 25 5
126 23 13
126 23 12
126 23 13
126 13 12
126 13 23
126 13 13
126 12 23
126 12 13
126 12 13
126 13 23
126 13 13
126 13 12
126 8 10
126 8 10
126 8 10
126 10 10
126 10 8
126 10 10
126 10 8
126 10 10
126 10 10
126 10 8
126 10 10
126 10 10
