64 109 124
64 109 123
64 109 91
64 124 123
64 124 109
64 124 91
64 123 109
64 123 124
64 123 91
64 91 109
64 91 124
64 91 123
64 80 103
64 80 95
64 80 114
64 103 95
64 103 80
64 103 114
64 95 80
64 95 103
64 95 114
64 114 80
64 114 103
64 114 95
64 88 103
64 88 92
64 88 104
64 103 92
64 103 88
64 103 104
64 92 88
64 92 103
64 92 104
64 104 88
64 104 103
64 104 92
64 112 86
64 112 116
64 112 97
64 86 116
64 86 112
64 86 97
64 116 112
64 116 86
64 116 97
64 97 112
64 97 86
64 97 116
64 115 90
64 115 108
64 115 112
64 90 108
64 90 115
64 90 112
64 108 115
64 108 90
64 108 112
64 112 115
64 112 90
64 112 108
