44 86 115
44 86 107
44 86 91
44 115 107
44 115 86
44 115 91
44 107 86
44 107 115
44 107 91
44 91 86
44 91 115
44 91 107
44 97 80
44 97 81
44 97 74
44 80 81
44 80 97
44 80 74
44 81 97
44 81 80
44 81 74
44 74 97
44 74 80
44 74 81
44 130 119
44 130 108
44 130 127
44 119 108
44 119 130
44 119 127
44 108 130
44 108 119
44 108 127
44 127 130
44 127 119
44 127 108
44 91 156
44 91 146
44 91 148
44 156 146
44 156 91
44 156 148
44 146 91
44 146 156
44 146 148
44 148 91
44 148 156
44 148 146
44 80 185
44 80 181
44 80 189
44 185 181
44 185 80
44 185 189
44 181 80
44 181 185
44 181 189
44 189 80
44 189 185
44 189 181
