56 21 76
56 21 59
56 21 52
56 76 59
56 76 21
56 76 52
56 59 21
56 59 76
56 59 52
56 52 21
56 52 76
56 52 59
56 36 41
56 36 65
56 36 59
56 41 65
56 41 36
56 41 59
56 65 36
56 65 41
56 65 59
56 59 36
56 59 41
56 59 65
56 18 77
56 18 54
56 18 62
56 77 54
56 77 18
56 77 62
56 54 18
56 54 77
56 54 62
56 62 18
56 62 77
56 62 54
56 24 72
56 24 50
56 24 76
56 72 50
56 72 24
56 72 76
56 50 24
56 50 72
56 50 76
56 76 24
56 76 72
56 76 50
56 44 72
56 44 68
56 44 65
56 72 68
56 72 44
56 72 65
56 68 44
56 68 72
56 68 65
56 65 44
56 65 72
56 65 68
