126 24 32
126 24 23
126 24 32
126 32 23
126 32 24
126 32 32
126 23 24
126 23 32
126 23 32
126 32 24
126 32 32
126 32 23
126 22 43
126 22 34
126 22 31
126 43 34
126 43 22
126 43 31
126 34 22
126 34 43
126 34 31
126 31 22
126 31 43
126 31 34
126 18 25
126 18 32
126 18 44
126 25 32
126 25 18
126 25 44
126 32 18
126 32 25
126 32 44
126 44 18
126 44 25
126 44 32
126 17 49
126 17 26
126 17 32
126 49 26
126 49 17
126 49 32
126 26 17
126 26 49
126 26 32
126 32 17
126 32 49
126 32 26
126 11 37
126 11 20
126 11 12
126 37 20
126 37 11
126 37 12
126 20 11
126 20 37
126 20 12
126 12 11
126 12 37
126 12 20
