63 122 65
63 122 79
63 122 96
63 65 79
63 65 122
63 65 96
63 79 122
63 79 65
63 79 96
63 96 122
63 96 65
63 96 79
63 129 54
63 129 73
63 129 107
63 54 73
63 54 129
63 54 107
63 73 129
63 73 54
63 73 107
63 107 129
63 107 54
63 107 73
63 137 79
63 137 76
63 137 118
63 79 76
63 79 137
63 79 118
63 76 137
63 76 79
63 76 118
63 118 137
63 118 79
63 118 76
63 126 90
63 126 79
63 126 81
63 90 79
63 90 126
63 90 81
63 79 126
63 79 90
63 79 81
63 81 126
63 81 90
63 81 79
63 151 71
63 151 73
63 151 90
63 71 73
63 71 151
63 71 90
63 73 151
63 73 71
63 73 90
63 90 151
63 90 71
63 90 73
