104 334 234
104 334 199
104 334 220
104 234 199
104 234 334
104 234 220
104 199 334
104 199 234
104 199 220
104 220 334
104 220 234
104 220 199
104 290 191
104 290 249
104 290 204
104 191 249
104 191 290
104 191 204
104 249 290
104 249 191
104 249 204
104 204 290
104 204 191
104 204 249
104 260 265
104 260 219
104 260 288
104 265 219
104 265 260
104 265 288
104 219 260
104 219 265
104 219 288
104 288 260
104 288 265
104 288 219
104 267 287
104 267 256
104 267 329
104 287 256
104 287 267
104 287 329
104 256 267
104 256 287
104 256 329
104 329 267
104 329 287
104 329 256
104 332 289
104 332 292
104 332 346
104 289 292
104 289 332
104 289 346
104 292 332
104 292 289
104 292 346
104 346 332
104 346 289
104 346 292
