123 36 39
123 36 14
123 36 40
123 39 14
123 39 36
123 39 40
123 14 36
123 14 39
123 14 40
123 40 36
123 40 39
123 40 14
123 51 19
123 51 28
123 51 34
123 19 28
123 19 51
123 19 34
123 28 51
123 28 19
123 28 34
123 34 51
123 34 19
123 34 28
123 32 21
123 32 21
123 32 26
123 21 21
123 21 32
123 21 26
123 21 32
123 21 21
123 21 26
123 26 32
123 26 21
123 26 21
123 38 21
123 38 15
123 38 20
123 21 15
123 21 38
123 21 20
123 15 38
123 15 21
123 15 20
123 20 38
123 20 21
123 20 15
123 21 30
123 21 18
123 21 24
123 30 18
123 30 21
123 30 24
123 18 21
123 18 30
123 18 24
123 24 21
123 24 30
123 24 18
