117 39 40
117 39 52
117 39 39
117 40 52
117 40 39
117 40 39
117 52 39
117 52 40
117 52 39
117 39 39
117 39 40
117 39 52
117 32 41
117 32 30
117 32 42
117 41 30
117 41 32
117 41 42
117 30 32
117 30 41
117 30 42
117 42 32
117 42 41
117 42 30
117 34 43
117 34 41
117 34 41
117 43 41
117 43 34
117 43 41
117 41 34
117 41 43
117 41 41
117 41 34
117 41 43
117 41 41
117 39 19
117 39 32
117 39 29
117 19 32
117 19 39
117 19 29
117 32 39
117 32 19
117 32 29
117 29 39
117 29 19
117 29 32
117 36 47
117 36 29
117 36 34
117 47 29
117 47 36
117 47 34
117 29 36
117 29 47
117 29 34
117 34 36
117 34 47
117 34 29
