73 60 67
73 60 83
73 60 60
73 67 83
73 67 60
73 67 60
73 83 60
73 83 67
73 83 60
73 60 60
73 60 67
73 60 83
73 61 67
73 61 49
73 61 50
73 67 49
73 67 61
73 67 50
73 49 61
73 49 67
73 49 50
73 50 61
73 50 67
73 50 49
73 64 53
73 64 58
73 64 56
73 53 58
73 53 64
73 53 56
73 58 64
73 58 53
73 58 56
73 56 64
73 56 53
73 56 58
73 39 51
73 39 46
73 39 64
73 51 46
73 51 39
73 51 64
73 46 39
73 46 51
73 46 64
73 64 39
73 64 51
73 64 46
73 42 43
73 42 56
73 42 43
73 43 56
73 43 42
73 43 43
73 56 42
73 56 43
73 56 43
73 43 42
73 43 43
73 43 56
