110 26 67
110 26 59
110 26 76
110 67 59
110 67 26
110 67 76
110 59 26
110 59 67
110 59 76
110 76 26
110 76 67
110 76 59
110 55 79
110 55 78
110 55 67
110 79 78
110 79 55
110 79 67
110 78 55
110 78 79
110 78 67
110 67 55
110 67 79
110 67 78
110 35 50
110 35 58
110 35 76
110 50 58
110 50 35
110 50 76
110 58 35
110 58 50
110 58 76
110 76 35
110 76 50
110 76 58
110 21 58
110 21 52
110 21 68
110 58 52
110 58 21
110 58 68
110 52 21
110 52 58
110 52 68
110 68 21
110 68 58
110 68 52
110 46 54
110 46 60
110 46 59
110 54 60
110 54 46
110 54 59
110 60 46
110 60 54
110 60 59
110 59 46
110 59 54
110 59 60
