75 101 66
75 101 64
75 101 79
75 66 64
75 66 101
75 66 79
75 64 101
75 64 66
75 64 79
75 79 101
75 79 66
75 79 64
75 124 93
75 124 70
75 124 86
75 93 70
75 93 124
75 93 86
75 70 124
75 70 93
75 70 86
75 86 124
75 86 93
75 86 70
75 126 66
75 126 54
75 126 85
75 66 54
75 66 126
75 66 85
75 54 126
75 54 66
75 54 85
75 85 126
75 85 66
75 85 54
75 134 68
75 134 73
75 134 73
75 68 73
75 68 134
75 68 73
75 73 134
75 73 68
75 73 73
75 73 134
75 73 68
75 73 73
75 118 56
75 118 91
75 118 92
75 56 91
75 56 118
75 56 92
75 91 118
75 91 56
75 91 92
75 92 118
75 92 56
75 92 91
