72 285 100
72 285 73
72 285 116
72 100 73
72 100 285
72 100 116
72 73 285
72 73 100
72 73 116
72 116 285
72 116 100
72 116 73
72 309 104
72 309 105
72 309 109
72 104 105
72 104 309
72 104 109
72 105 309
72 105 104
72 105 109
72 109 309
72 109 104
72 109 105
72 304 80
72 304 112
72 304 129
72 80 112
72 80 304
72 80 129
72 112 304
72 112 80
72 112 129
72 129 304
72 129 80
72 129 112
72 329 76
72 329 76
72 329 112
72 76 76
72 76 329
72 76 112
72 76 329
72 76 76
72 76 112
72 112 329
72 112 76
72 112 76
72 300 84
72 300 87
72 300 120
72 84 87
72 84 300
72 84 120
72 87 300
72 87 84
72 87 120
72 120 300
72 120 84
72 120 87
