81 161 44
81 161 57
81 161 63
81 44 57
81 44 161
81 44 63
81 57 161
81 57 44
81 57 63
81 63 161
81 63 44
81 63 57
81 127 47
81 127 49
81 127 77
81 47 49
81 47 127
81 47 77
81 49 127
81 49 47
81 49 77
81 77 127
81 77 47
81 77 49
81 121 51
81 121 58
81 121 60
81 51 58
81 51 121
81 51 60
81 58 121
81 58 51
81 58 60
81 60 121
81 60 51
81 60 58
81 165 46
81 165 55
81 165 66
81 46 55
81 46 165
81 46 66
81 55 165
81 55 46
81 55 66
81 66 165
81 66 46
81 66 55
81 152 52
81 152 44
81 152 39
81 52 44
81 52 152
81 52 39
81 44 152
81 44 52
81 44 39
81 39 152
81 39 52
81 39 44
