90 100 60
90 100 51
90 100 68
90 60 51
90 60 100
90 60 68
90 51 100
90 51 60
90 51 68
90 68 100
90 68 60
90 68 51
90 151 29
90 151 48
90 151 40
90 29 48
90 29 151
90 29 40
90 48 151
90 48 29
90 48 40
90 40 151
90 40 29
90 40 48
90 79 51
90 79 39
90 79 35
90 51 39
90 51 79
90 51 35
90 39 79
90 39 51
90 39 35
90 35 79
90 35 51
90 35 39
90 143 57
90 143 41
90 143 45
90 57 41
90 57 143
90 57 45
90 41 143
90 41 57
90 41 45
90 45 143
90 45 57
90 45 41
90 117 48
90 117 47
90 117 88
90 48 47
90 48 117
90 48 88
90 47 117
90 47 48
90 47 88
90 88 117
90 88 48
90 88 47
