100 199 122
100 199 173
100 199 174
100 122 173
100 122 199
100 122 174
100 173 199
100 173 122
100 173 174
100 174 199
100 174 122
100 174 173
100 296 134
100 296 137
100 296 204
100 134 137
100 134 296
100 134 204
100 137 296
100 137 134
100 137 204
100 204 296
100 204 134
100 204 137
100 274 152
100 274 158
100 274 185
100 152 158
100 152 274
100 152 185
100 158 274
100 158 152
100 158 185
100 185 274
100 185 152
100 185 158
100 197 146
100 197 143
100 197 185
100 146 143
100 146 197
100 146 185
100 143 197
100 143 146
100 143 185
100 185 197
100 185 146
100 185 143
100 259 136
100 259 192
100 259 189
100 136 192
100 136 259
100 136 189
100 192 259
100 192 136
100 192 189
100 189 259
100 189 136
100 189 192
