113 99 167
113 99 218
113 99 132
113 167 218
113 167 99
113 167 132
113 218 99
113 218 167
113 218 132
113 132 99
113 132 167
113 132 218
113 99 207
113 99 167
113 99 193
113 207 167
113 207 99
113 207 193
113 167 99
113 167 207
113 167 193
113 193 99
113 193 207
113 193 167
113 72 184
113 72 165
113 72 112
113 184 165
113 184 72
113 184 112
113 165 72
113 165 184
113 165 112
113 112 72
113 112 184
113 112 165
113 79 150
113 79 102
113 79 106
113 150 102
113 150 79
113 150 106
113 102 79
113 102 150
113 102 106
113 106 79
113 106 150
113 106 102
113 89 96
113 89 117
113 89 111
113 96 117
113 96 89
113 96 111
113 117 89
113 117 96
113 117 111
113 111 89
113 111 96
113 111 117
