46 123 367
46 123 329
46 123 326
46 367 329
46 367 123
46 367 326
46 329 123
46 329 367
46 329 326
46 326 123
46 326 367
46 326 329
46 119 288
46 119 302
46 119 284
46 288 302
46 288 119
46 288 284
46 302 119
46 302 288
46 302 284
46 284 119
46 284 288
46 284 302
46 107 453
46 107 397
46 107 519
46 453 397
46 453 107
46 453 519
46 397 107
46 397 453
46 397 519
46 519 107
46 519 453
46 519 397
46 130 579
46 130 544
46 130 534
46 579 544
46 579 130
46 579 534
46 544 130
46 544 579
46 544 534
46 534 130
46 534 579
46 534 544
46 116 624
46 116 638
46 116 631
46 624 638
46 624 116
46 624 631
46 638 116
46 638 624
46 638 631
46 631 116
46 631 624
46 631 638
