59 120 134
59 120 139
59 120 165
59 134 139
59 134 120
59 134 165
59 139 120
59 139 134
59 139 165
59 165 120
59 165 134
59 165 139
59 150 184
59 150 178
59 150 154
59 184 178
59 184 150
59 184 154
59 178 150
59 178 184
59 178 154
59 154 150
59 154 184
59 154 178
59 138 114
59 138 112
59 138 139
59 114 112
59 114 138
59 114 139
59 112 138
59 112 114
59 112 139
59 139 138
59 139 114
59 139 112
59 144 91
59 144 112
59 144 112
59 91 112
59 91 144
59 91 112
59 112 144
59 112 91
59 112 112
59 112 144
59 112 91
59 112 112
59 117 90
59 117 90
59 117 111
59 90 90
59 90 117
59 90 111
59 90 117
59 90 90
59 90 111
59 111 117
59 111 90
59 111 90
