65 31 93
65 31 84
65 31 78
65 93 84
65 93 31
65 93 78
65 84 31
65 84 93
65 84 78
65 78 31
65 78 93
65 78 84
65 30 67
65 30 78
65 30 81
65 67 78
65 67 30
65 67 81
65 78 30
65 78 67
65 78 81
65 81 30
65 81 67
65 81 78
65 27 91
65 27 92
65 27 99
65 91 92
65 91 27
65 91 99
65 92 27
65 92 91
65 92 99
65 99 27
65 99 91
65 99 92
65 52 86
65 52 128
65 52 95
65 86 128
65 86 52
65 86 95
65 128 52
65 128 86
65 128 95
65 95 52
65 95 86
65 95 128
65 53 85
65 53 80
65 53 83
65 85 80
65 85 53
65 85 83
65 80 53
65 80 85
65 80 83
65 83 53
65 83 85
65 83 80
