100 102 91
100 102 85
100 102 106
100 91 85
100 91 102
100 91 106
100 85 102
100 85 91
100 85 106
100 106 102
100 106 91
100 106 85
100 119 121
100 119 65
100 119 115
100 121 65
100 121 119
100 121 115
100 65 119
100 65 121
100 65 115
100 115 119
100 115 121
100 115 65
100 146 146
100 146 116
100 146 124
100 146 116
100 146 146
100 146 124
100 116 146
100 116 146
100 116 124
100 124 146
100 124 146
100 124 116
100 99 80
100 99 107
100 99 129
100 80 107
100 80 99
100 80 129
100 107 99
100 107 80
100 107 129
100 129 99
100 129 80
100 129 107
100 148 137
100 148 165
100 148 143
100 137 165
100 137 148
100 137 143
100 165 148
100 165 137
100 165 143
100 143 148
100 143 137
100 143 165
