53 6 17
53 6 32
53 6 28
53 17 32
53 17 6
53 17 28
53 32 6
53 32 17
53 32 28
53 28 6
53 28 17
53 28 32
53 10 26
53 10 39
53 10 27
53 26 39
53 26 10
53 26 27
53 39 10
53 39 26
53 39 27
53 27 10
53 27 26
53 27 39
53 5 27
53 5 27
53 5 30
53 27 27
53 27 5
53 27 30
53 27 5
53 27 27
53 27 30
53 30 5
53 30 27
53 30 27
53 12 19
53 12 22
53 12 21
53 19 22
53 19 12
53 19 21
53 22 12
53 22 19
53 22 21
53 21 12
53 21 19
53 21 22
53 9 22
53 9 40
53 9 31
53 22 40
53 22 9
53 22 31
53 40 9
53 40 22
53 40 31
53 31 9
53 31 22
53 31 40
