40 33 48
40 33 48
40 33 55
40 48 48
40 48 33
40 48 55
40 48 33
40 48 48
40 48 55
40 55 33
40 55 48
40 55 48
40 17 36
40 17 37
40 17 37
40 36 37
40 36 17
40 36 37
40 37 17
40 37 36
40 37 37
40 37 17
40 37 36
40 37 37
40 32 58
40 32 67
40 32 59
40 58 67
40 58 32
40 58 59
40 67 32
40 67 58
40 67 59
40 59 32
40 59 58
40 59 67
40 38 73
40 38 86
40 38 76
40 73 86
40 73 38
40 73 76
40 86 38
40 86 73
40 86 76
40 76 38
40 76 73
40 76 86
40 45 108
40 45 101
40 45 79
40 108 101
40 108 45
40 108 79
40 101 45
40 101 108
40 101 79
40 79 45
40 79 108
40 79 101
