43 21 105
43 21 84
43 21 83
43 105 84
43 105 21
43 105 83
43 84 21
43 84 105
43 84 83
43 83 21
43 83 105
43 83 84
43 16 72
43 16 70
43 16 73
43 72 70
43 72 16
43 72 73
43 70 16
43 70 72
43 70 73
43 73 16
43 73 72
43 73 70
43 32 112
43 32 106
43 32 112
43 112 106
43 112 32
43 112 112
43 106 32
43 106 112
43 106 112
43 112 32
43 112 112
43 112 106
43 35 164
43 35 149
43 35 138
43 164 149
43 164 35
43 164 138
43 149 35
43 149 164
43 149 138
43 138 35
43 138 164
43 138 149
43 39 210
43 39 237
43 39 205
43 210 237
43 210 39
43 210 205
43 237 39
43 237 210
43 237 205
43 205 39
43 205 210
43 205 237
