87 152 93
87 152 161
87 152 114
87 93 161
87 93 152
87 93 114
87 161 152
87 161 93
87 161 114
87 114 152
87 114 93
87 114 161
87 127 132
87 127 125
87 127 139
87 132 125
87 132 127
87 132 139
87 125 127
87 125 132
87 125 139
87 139 127
87 139 132
87 139 125
87 140 121
87 140 115
87 140 136
87 121 115
87 121 140
87 121 136
87 115 140
87 115 121
87 115 136
87 136 140
87 136 121
87 136 115
87 171 135
87 171 102
87 171 130
87 135 102
87 135 171
87 135 130
87 102 171
87 102 135
87 102 130
87 130 171
87 130 135
87 130 102
87 158 135
87 158 112
87 158 124
87 135 112
87 135 158
87 135 124
87 112 158
87 112 135
87 112 124
87 124 158
87 124 135
87 124 112
