136 9 38
136 9 23
136 9 20
136 38 23
136 38 9
136 38 20
136 23 9
136 23 38
136 23 20
136 20 9
136 20 38
136 20 23
136 12 20
136 12 35
136 12 34
136 20 35
136 20 12
136 20 34
136 35 12
136 35 20
136 35 34
136 34 12
136 34 20
136 34 35
136 9 17
136 9 26
136 9 25
136 17 26
136 17 9
136 17 25
136 26 9
136 26 17
136 26 25
136 25 9
136 25 17
136 25 26
136 7 18
136 7 16
136 7 16
136 18 16
136 18 7
136 18 16
136 16 7
136 16 18
136 16 16
136 16 7
136 16 18
136 16 16
136 2 6
136 2 0
136 2 0
136 6 0
136 6 2
136 6 0
136 0 2
136 0 6
136 0 0
136 0 2
136 0 6
136 0 0
