84 105 140
84 105 105
84 105 123
84 140 105
84 140 105
84 140 123
84 105 105
84 105 140
84 105 123
84 123 105
84 123 140
84 123 105
84 93 114
84 93 154
84 93 154
84 114 154
84 114 93
84 114 154
84 154 93
84 154 114
84 154 154
84 154 93
84 154 114
84 154 154
84 109 85
84 109 88
84 109 143
84 85 88
84 85 109
84 85 143
84 88 109
84 88 85
84 88 143
84 143 109
84 143 85
84 143 88
84 126 109
84 126 95
84 126 92
84 109 95
84 109 126
84 109 92
84 95 126
84 95 109
84 95 92
84 92 126
84 92 109
84 92 95
84 114 96
84 114 97
84 114 105
84 96 97
84 96 114
84 96 105
84 97 114
84 97 96
84 97 105
84 105 114
84 105 96
84 105 97
