64 103 86
64 103 97
64 103 122
64 86 97
64 86 103
64 86 122
64 97 103
64 97 86
64 97 122
64 122 103
64 122 86
64 122 97
64 128 124
64 128 82
64 128 105
64 124 82
64 124 128
64 124 105
64 82 128
64 82 124
64 82 105
64 105 128
64 105 124
64 105 82
64 128 96
64 128 110
64 128 155
64 96 110
64 96 128
64 96 155
64 110 128
64 110 96
64 110 155
64 155 128
64 155 96
64 155 110
64 145 82
64 145 82
64 145 75
64 82 82
64 82 145
64 82 75
64 82 145
64 82 82
64 82 75
64 75 145
64 75 82
64 75 82
64 120 94
64 120 85
64 120 108
64 94 85
64 94 120
64 94 108
64 85 120
64 85 94
64 85 108
64 108 120
64 108 94
64 108 85
