90 175 71
90 175 79
90 175 81
90 71 79
90 71 175
90 71 81
90 79 175
90 79 71
90 79 81
90 81 175
90 81 71
90 81 79
90 248 83
90 248 85
90 248 96
90 83 85
90 83 248
90 83 96
90 85 248
90 85 83
90 85 96
90 96 248
90 96 83
90 96 85
90 179 92
90 179 68
90 179 92
90 92 68
90 92 179
90 92 92
90 68 179
90 68 92
90 68 92
90 92 179
90 92 92
90 92 68
90 187 113
90 187 93
90 187 79
90 113 93
90 113 187
90 113 79
90 93 187
90 93 113
90 93 79
90 79 187
90 79 113
90 79 93
90 193 70
90 193 91
90 193 116
90 70 91
90 70 193
90 70 116
90 91 193
90 91 70
90 91 116
90 116 193
90 116 70
90 116 91
