55 60 95
55 60 131
55 60 107
55 95 131
55 95 60
55 95 107
55 131 60
55 131 95
55 131 107
55 107 60
55 107 95
55 107 131
55 60 118
55 60 133
55 60 112
55 118 133
55 118 60
55 118 112
55 133 60
55 133 118
55 133 112
55 112 60
55 112 118
55 112 133
55 73 81
55 73 92
55 73 76
55 81 92
55 81 73
55 81 76
55 92 73
55 92 81
55 92 76
55 76 73
55 76 81
55 76 92
55 54 89
55 54 81
55 54 76
55 89 81
55 89 54
55 89 76
55 81 54
55 81 89
55 81 76
55 76 54
55 76 89
55 76 81
55 76 58
55 76 72
55 76 62
55 58 72
55 58 76
55 58 62
55 72 76
55 72 58
55 72 62
55 62 76
55 62 58
55 62 72
