130 36 35
130 36 31
130 36 44
130 35 31
130 35 36
130 35 44
130 31 36
130 31 35
130 31 44
130 44 36
130 44 35
130 44 31
130 32 78
130 32 48
130 32 63
130 78 48
130 78 32
130 78 63
130 48 32
130 48 78
130 48 63
130 63 32
130 63 78
130 63 48
130 27 44
130 27 46
130 27 47
130 44 46
130 44 27
130 44 47
130 46 27
130 46 44
130 46 47
130 47 27
130 47 44
130 47 46
130 25 26
130 25 35
130 25 55
130 26 35
130 26 25
130 26 55
130 35 25
130 35 26
130 35 55
130 55 25
130 55 26
130 55 35
130 25 32
130 25 27
130 25 34
130 32 27
130 32 25
130 32 34
130 27 25
130 27 32
130 27 34
130 34 25
130 34 32
130 34 27
