56 102 124
56 102 102
56 102 144
56 124 102
56 124 102
56 124 144
56 102 102
56 102 124
56 102 144
56 144 102
56 144 124
56 144 102
56 112 114
56 112 165
56 112 123
56 114 165
56 114 112
56 114 123
56 165 112
56 165 114
56 165 123
56 123 112
56 123 114
56 123 165
56 142 122
56 142 99
56 142 126
56 122 99
56 122 142
56 122 126
56 99 142
56 99 122
56 99 126
56 126 142
56 126 122
56 126 99
56 103 81
56 103 109
56 103 70
56 81 109
56 81 103
56 81 70
56 109 103
56 109 81
56 109 70
56 70 103
56 70 81
56 70 109
56 112 64
56 112 88
56 112 91
56 64 88
56 64 112
56 64 91
56 88 112
56 88 64
56 88 91
56 91 112
56 91 64
56 91 88
