64 45 29
64 45 38
64 45 57
64 29 38
64 29 45
64 29 57
64 38 45
64 38 29
64 38 57
64 57 45
64 57 29
64 57 38
64 65 40
64 65 42
64 65 47
64 40 42
64 40 65
64 40 47
64 42 65
64 42 40
64 42 47
64 47 65
64 47 40
64 47 42
64 59 45
64 59 55
64 59 58
64 45 55
64 45 59
64 45 58
64 55 59
64 55 45
64 55 58
64 58 59
64 58 45
64 58 55
64 68 47
64 68 30
64 68 32
64 47 30
64 47 68
64 47 32
64 30 68
64 30 47
64 30 32
64 32 68
64 32 47
64 32 30
64 55 24
64 55 35
64 55 46
64 24 35
64 24 55
64 24 46
64 35 55
64 35 24
64 35 46
64 46 55
64 46 24
64 46 35
