74 109 85
74 109 70
74 109 78
74 85 70
74 85 109
74 85 78
74 70 109
74 70 85
74 70 78
74 78 109
74 78 85
74 78 70
74 124 63
74 124 69
74 124 87
74 63 69
74 63 124
74 63 87
74 69 124
74 69 63
74 69 87
74 87 124
74 87 63
74 87 69
74 97 94
74 97 72
74 97 85
74 94 72
74 94 97
74 94 85
74 72 97
74 72 94
74 72 85
74 85 97
74 85 94
74 85 72
74 119 81
74 119 62
74 119 81
74 81 62
74 81 119
74 81 81
74 62 119
74 62 81
74 62 81
74 81 119
74 81 81
74 81 62
74 125 77
74 125 70
74 125 84
74 77 70
74 77 125
74 77 84
74 70 125
74 70 77
74 70 84
74 84 125
74 84 77
74 84 70
