82 239 146
82 239 115
82 239 170
82 146 115
82 146 239
82 146 170
82 115 239
82 115 146
82 115 170
82 170 239
82 170 146
82 170 115
82 193 125
82 193 145
82 193 143
82 125 145
82 125 193
82 125 143
82 145 193
82 145 125
82 145 143
82 143 193
82 143 125
82 143 145
82 180 141
82 180 152
82 180 136
82 141 152
82 141 180
82 141 136
82 152 180
82 152 141
82 152 136
82 136 180
82 136 141
82 136 152
82 204 116
82 204 119
82 204 143
82 116 119
82 116 204
82 116 143
82 119 204
82 119 116
82 119 143
82 143 204
82 143 116
82 143 119
82 204 114
82 204 105
82 204 124
82 114 105
82 114 204
82 114 124
82 105 204
82 105 114
82 105 124
82 124 204
82 124 114
82 124 105
