88 139 121
88 139 102
88 139 119
88 121 102
88 121 139
88 121 119
88 102 139
88 102 121
88 102 119
88 119 139
88 119 121
88 119 102
88 175 114
88 175 131
88 175 121
88 114 131
88 114 175
88 114 121
88 131 175
88 131 114
88 131 121
88 121 175
88 121 114
88 121 131
88 128 94
88 128 135
88 128 118
88 94 135
88 94 128
88 94 118
88 135 128
88 135 94
88 135 118
88 118 128
88 118 94
88 118 135
88 146 106
88 146 107
88 146 100
88 106 107
88 106 146
88 106 100
88 107 146
88 107 106
88 107 100
88 100 146
88 100 106
88 100 107
88 152 102
88 152 113
88 152 115
88 102 113
88 102 152
88 102 115
88 113 152
88 113 102
88 113 115
88 115 152
88 115 102
88 115 113
