123 45 41
123 45 66
123 45 41
123 41 66
123 41 45
123 41 41
123 66 45
123 66 41
123 66 41
123 41 45
123 41 41
123 41 66
123 43 48
123 43 52
123 43 55
123 48 52
123 48 43
123 48 55
123 52 43
123 52 48
123 52 55
123 55 43
123 55 48
123 55 52
123 64 72
123 64 59
123 64 62
123 72 59
123 72 64
123 72 62
123 59 64
123 59 72
123 59 62
123 62 64
123 62 72
123 62 59
123 41 101
123 41 90
123 41 52
123 101 90
123 101 41
123 101 52
123 90 41
123 90 101
123 90 52
123 52 41
123 52 101
123 52 90
123 41 48
123 41 69
123 41 97
123 48 69
123 48 41
123 48 97
123 69 41
123 69 48
123 69 97
123 97 41
123 97 48
123 97 69
