105 72 243
105 72 200
105 72 248
105 243 200
105 243 72
105 243 248
105 200 72
105 200 243
105 200 248
105 248 72
105 248 243
105 248 200
105 82 280
105 82 322
105 82 293
105 280 322
105 280 82
105 280 293
105 322 82
105 322 280
105 322 293
105 293 82
105 293 280
105 293 322
105 85 370
105 85 383
105 85 360
105 370 383
105 370 85
105 370 360
105 383 85
105 383 370
105 383 360
105 360 85
105 360 370
105 360 383
105 104 557
105 104 549
105 104 634
105 557 549
105 557 104
105 557 634
105 549 104
105 549 557
105 549 634
105 634 104
105 634 557
105 634 549
105 77 376
105 77 402
105 77 402
105 376 402
105 376 77
105 376 402
105 402 77
105 402 376
105 402 402
105 402 77
105 402 376
105 402 402
