69 144 122
69 144 102
69 144 119
69 122 102
69 122 144
69 122 119
69 102 144
69 102 122
69 102 119
69 119 144
69 119 122
69 119 102
69 72 116
69 72 110
69 72 118
69 116 110
69 116 72
69 116 118
69 110 72
69 110 116
69 110 118
69 118 72
69 118 116
69 118 110
69 107 105
69 107 107
69 107 100
69 105 107
69 105 107
69 105 100
69 107 107
69 107 105
69 107 100
69 100 107
69 100 105
69 100 107
69 142 119
69 142 114
69 142 119
69 119 114
69 119 142
69 119 119
69 114 142
69 114 119
69 114 119
69 119 142
69 119 119
69 119 114
69 86 94
69 86 79
69 86 96
69 94 79
69 94 86
69 94 96
69 79 86
69 79 94
69 79 96
69 96 86
69 96 94
69 96 79
