138 61 50
138 61 38
138 61 39
138 50 38
138 50 61
138 50 39
138 38 61
138 38 50
138 38 39
138 39 61
138 39 50
138 39 38
138 70 45
138 70 41
138 70 70
138 45 41
138 45 70
138 45 70
138 41 70
138 41 45
138 41 70
138 70 70
138 70 45
138 70 41
138 38 24
138 38 22
138 38 35
138 24 22
138 24 38
138 24 35
138 22 38
138 22 24
138 22 35
138 35 38
138 35 24
138 35 22
138 14 0
138 14 0
138 14 13
138 0 0
138 0 14
138 0 13
138 0 14
138 0 0
138 0 13
138 13 14
138 13 0
138 13 0
138 6 0
138 6 0
138 6 5
138 0 0
138 0 6
138 0 5
138 0 6
138 0 0
138 0 5
138 5 6
138 5 0
138 5 0
