68 97 62
68 97 54
68 97 60
68 62 54
68 62 97
68 62 60
68 54 97
68 54 62
68 54 60
68 60 97
68 60 62
68 60 54
68 39 81
68 39 46
68 39 42
68 81 46
68 81 39
68 81 42
68 46 39
68 46 81
68 46 42
68 42 39
68 42 81
68 42 46
68 60 79
68 60 45
68 60 65
68 79 45
68 79 60
68 79 65
68 45 60
68 45 79
68 45 65
68 65 60
68 65 79
68 65 45
68 49 52
68 49 61
68 49 70
68 52 61
68 52 49
68 52 70
68 61 49
68 61 52
68 61 70
68 70 49
68 70 52
68 70 61
68 48 62
68 48 61
68 48 53
68 62 61
68 62 48
68 62 53
68 61 48
68 61 62
68 61 53
68 53 48
68 53 62
68 53 61
