40 30 13
40 30 8
40 30 7
40 13 8
40 13 30
40 13 7
40 8 30
40 8 13
40 8 7
40 7 30
40 7 13
40 7 8
40 25 17
40 25 17
40 25 12
40 17 17
40 17 25
40 17 12
40 17 25
40 17 17
40 17 12
40 12 25
40 12 17
40 12 17
40 21 18
40 21 11
40 21 12
40 18 11
40 18 21
40 18 12
40 11 21
40 11 18
40 11 12
40 12 21
40 12 18
40 12 11
40 13 21
40 13 21
40 13 16
40 21 21
40 21 13
40 21 16
40 21 13
40 21 21
40 21 16
40 16 13
40 16 21
40 16 21
40 18 25
40 18 29
40 18 31
40 25 29
40 25 18
40 25 31
40 29 18
40 29 25
40 29 31
40 31 18
40 31 25
40 31 29
