69 157 57
69 157 78
69 157 89
69 57 78
69 57 157
69 57 89
69 78 157
69 78 57
69 78 89
69 89 157
69 89 57
69 89 78
69 187 67
69 187 75
69 187 88
69 67 75
69 67 187
69 67 88
69 75 187
69 75 67
69 75 88
69 88 187
69 88 67
69 88 75
69 145 69
69 145 79
69 145 85
69 69 79
69 69 145
69 69 85
69 79 145
69 79 69
69 79 85
69 85 145
69 85 69
69 85 79
69 197 58
69 197 93
69 197 111
69 58 93
69 58 197
69 58 111
69 93 197
69 93 58
69 93 111
69 111 197
69 111 58
69 111 93
69 250 63
69 250 69
69 250 104
69 63 69
69 63 250
69 63 104
69 69 250
69 69 63
69 69 104
69 104 250
69 104 63
69 104 69
