66 207 173
66 207 164
66 207 165
66 173 164
66 173 207
66 173 165
66 164 207
66 164 173
66 164 165
66 165 207
66 165 173
66 165 164
66 189 184
66 189 148
66 189 175
66 184 148
66 184 189
66 184 175
66 148 189
66 148 184
66 148 175
66 175 189
66 175 184
66 175 148
66 225 168
66 225 162
66 225 169
66 168 162
66 168 225
66 168 169
66 162 225
66 162 168
66 162 169
66 169 225
66 169 168
66 169 162
66 199 149
66 199 174
66 199 193
66 149 174
66 149 199
66 149 193
66 174 199
66 174 149
66 174 193
66 193 199
66 193 149
66 193 174
66 268 175
66 268 160
66 268 189
66 175 160
66 175 268
66 175 189
66 160 268
66 160 175
66 160 189
66 189 268
66 189 175
66 189 160
