81 251 179
81 251 200
81 251 209
81 179 200
81 179 251
81 179 209
81 200 251
81 200 179
81 200 209
81 209 251
81 209 179
81 209 200
81 253 172
81 253 175
81 253 213
81 172 175
81 172 253
81 172 213
81 175 253
81 175 172
81 175 213
81 213 253
81 213 172
81 213 175
81 284 126
81 284 174
81 284 217
81 126 174
81 126 284
81 126 217
81 174 284
81 174 126
81 174 217
81 217 284
81 217 126
81 217 174
81 271 163
81 271 149
81 271 220
81 163 149
81 163 271
81 163 220
81 149 271
81 149 163
81 149 220
81 220 271
81 220 163
81 220 149
81 259 161
81 259 171
81 259 171
81 161 171
81 161 259
81 161 171
81 171 259
81 171 161
81 171 171
81 171 259
81 171 161
81 171 171
