107 244 183
107 244 169
107 244 148
107 183 169
107 183 244
107 183 148
107 169 244
107 169 183
107 169 148
107 148 244
107 148 183
107 148 169
107 187 133
107 187 107
107 187 106
107 133 107
107 133 187
107 133 106
107 107 187
107 107 133
107 107 106
107 106 187
107 106 133
107 106 107
107 179 174
107 179 190
107 179 188
107 174 190
107 174 179
107 174 188
107 190 179
107 190 174
107 190 188
107 188 179
107 188 174
107 188 190
107 228 213
107 228 180
107 228 129
107 213 180
107 213 228
107 213 129
107 180 228
107 180 213
107 180 129
107 129 228
107 129 213
107 129 180
107 188 159
107 188 147
107 188 176
107 159 147
107 159 188
107 159 176
107 147 188
107 147 159
107 147 176
107 176 188
107 176 159
107 176 147
