98 301 191
98 301 215
98 301 214
98 191 215
98 191 301
98 191 214
98 215 301
98 215 191
98 215 214
98 214 301
98 214 191
98 214 215
98 346 198
98 346 196
98 346 308
98 198 196
98 198 346
98 198 308
98 196 346
98 196 198
98 196 308
98 308 346
98 308 198
98 308 196
98 601 223
98 601 279
98 601 247
98 223 279
98 223 601
98 223 247
98 279 601
98 279 223
98 279 247
98 247 601
98 247 223
98 247 279
98 375 220
98 375 219
98 375 253
98 220 219
98 220 375
98 220 253
98 219 375
98 219 220
98 219 253
98 253 375
98 253 220
98 253 219
98 413 213
98 413 198
98 413 180
98 213 198
98 213 413
98 213 180
98 198 413
98 198 213
98 198 180
98 180 413
98 180 213
98 180 198
