117 262 270
117 262 249
117 262 238
117 270 249
117 270 262
117 270 238
117 249 262
117 249 270
117 249 238
117 238 262
117 238 270
117 238 249
117 247 275
117 247 226
117 247 339
117 275 226
117 275 247
117 275 339
117 226 247
117 226 275
117 226 339
117 339 247
117 339 275
117 339 226
117 253 207
117 253 191
117 253 221
117 207 191
117 207 253
117 207 221
117 191 253
117 191 207
117 191 221
117 221 253
117 221 207
117 221 191
117 313 175
117 313 169
117 313 251
117 175 169
117 175 313
117 175 251
117 169 313
117 169 175
117 169 251
117 251 313
117 251 175
117 251 169
117 279 212
117 279 172
117 279 192
117 212 172
117 212 279
117 212 192
117 172 279
117 172 212
117 172 192
117 192 279
117 192 212
117 192 172
