83 369 133
83 369 104
83 369 221
83 133 104
83 133 369
83 133 221
83 104 369
83 104 133
83 104 221
83 221 369
83 221 133
83 221 104
83 418 122
83 418 134
83 418 158
83 122 134
83 122 418
83 122 158
83 134 418
83 134 122
83 134 158
83 158 418
83 158 122
83 158 134
83 406 69
83 406 159
83 406 143
83 69 159
83 69 406
83 69 143
83 159 406
83 159 69
83 159 143
83 143 406
83 143 69
83 143 159
83 684 181
83 684 121
83 684 119
83 181 121
83 181 684
83 181 119
83 121 684
83 121 181
83 121 119
83 119 684
83 119 181
83 119 121
83 489 117
83 489 138
83 489 182
83 117 138
83 117 489
83 117 182
83 138 489
83 138 117
83 138 182
83 182 489
83 182 117
83 182 138
