132 92 195
132 92 142
132 92 173
132 195 142
132 195 92
132 195 173
132 142 92
132 142 195
132 142 173
132 173 92
132 173 195
132 173 142
132 147 210
132 147 214
132 147 219
132 210 214
132 210 147
132 210 219
132 214 147
132 214 210
132 214 219
132 219 147
132 219 210
132 219 214
132 138 151
132 138 140
132 138 176
132 151 140
132 151 138
132 151 176
132 140 138
132 140 151
132 140 176
132 176 138
132 176 151
132 176 140
132 163 179
132 163 159
132 163 162
132 179 159
132 179 163
132 179 162
132 159 163
132 159 179
132 159 162
132 162 163
132 162 179
132 162 159
132 140 93
132 140 113
132 140 108
132 93 113
132 93 140
132 93 108
132 113 140
132 113 93
132 113 108
132 108 140
132 108 93
132 108 113
