67 48 33
67 48 49
67 48 55
67 33 49
67 33 48
67 33 55
67 49 48
67 49 33
67 49 55
67 55 48
67 55 33
67 55 49
67 31 34
67 31 37
67 31 47
67 34 37
67 34 31
67 34 47
67 37 31
67 37 34
67 37 47
67 47 31
67 47 34
67 47 37
67 42 47
67 42 54
67 42 39
67 47 54
67 47 42
67 47 39
67 54 42
67 54 47
67 54 39
67 39 42
67 39 47
67 39 54
67 54 47
67 54 46
67 54 37
67 47 46
67 47 54
67 47 37
67 46 54
67 46 47
67 46 37
67 37 54
67 37 47
67 37 46
67 43 44
67 43 38
67 43 55
67 44 38
67 44 43
67 44 55
67 38 43
67 38 44
67 38 55
67 55 43
67 55 44
67 55 38
