90 262 101
90 262 100
90 262 114
90 101 100
90 101 262
90 101 114
90 100 262
90 100 101
90 100 114
90 114 262
90 114 101
90 114 100
90 210 91
90 210 76
90 210 138
90 91 76
90 91 210
90 91 138
90 76 210
90 76 91
90 76 138
90 138 210
90 138 91
90 138 76
90 205 88
90 205 96
90 205 89
90 88 96
90 88 205
90 88 89
90 96 205
90 96 88
90 96 89
90 89 205
90 89 88
90 89 96
90 227 81
90 227 83
90 227 106
90 81 83
90 81 227
90 81 106
90 83 227
90 83 81
90 83 106
90 106 227
90 106 81
90 106 83
90 195 76
90 195 95
90 195 101
90 76 95
90 76 195
90 76 101
90 95 195
90 95 76
90 95 101
90 101 195
90 101 76
90 101 95
