85 140 122
85 140 103
85 140 106
85 122 103
85 122 140
85 122 106
85 103 140
85 103 122
85 103 106
85 106 140
85 106 122
85 106 103
85 150 116
85 150 105
85 150 101
85 116 105
85 116 150
85 116 101
85 105 150
85 105 116
85 105 101
85 101 150
85 101 116
85 101 105
85 161 119
85 161 128
85 161 127
85 119 128
85 119 161
85 119 127
85 128 161
85 128 119
85 128 127
85 127 161
85 127 119
85 127 128
85 110 136
85 110 99
85 110 100
85 136 99
85 136 110
85 136 100
85 99 110
85 99 136
85 99 100
85 100 110
85 100 136
85 100 99
85 130 119
85 130 123
85 130 101
85 119 123
85 119 130
85 119 101
85 123 130
85 123 119
85 123 101
85 101 130
85 101 119
85 101 123
