76 89 58
76 89 50
76 89 59
76 58 50
76 58 89
76 58 59
76 50 89
76 50 58
76 50 59
76 59 89
76 59 58
76 59 50
76 84 43
76 84 57
76 84 51
76 43 57
76 43 84
76 43 51
76 57 84
76 57 43
76 57 51
76 51 84
76 51 43
76 51 57
76 98 54
76 98 46
76 98 51
76 54 46
76 54 98
76 54 51
76 46 98
76 46 54
76 46 51
76 51 98
76 51 54
76 51 46
76 75 49
76 75 89
76 75 61
76 49 89
76 49 75
76 49 61
76 89 75
76 89 49
76 89 61
76 61 75
76 61 49
76 61 89
76 90 65
76 90 42
76 90 54
76 65 42
76 65 90
76 65 54
76 42 90
76 42 65
76 42 54
76 54 90
76 54 65
76 54 42
