86 158 45
86 158 74
86 158 56
86 45 74
86 45 158
86 45 56
86 74 158
86 74 45
86 74 56
86 56 158
86 56 45
86 56 74
86 115 51
86 115 55
86 115 82
86 51 55
86 51 115
86 51 82
86 55 115
86 55 51
86 55 82
86 82 115
86 82 51
86 82 55
86 143 65
86 143 52
86 143 73
86 65 52
86 65 143
86 65 73
86 52 143
86 52 65
86 52 73
86 73 143
86 73 65
86 73 52
86 127 66
86 127 74
86 127 67
86 66 74
86 66 127
86 66 67
86 74 127
86 74 66
86 74 67
86 67 127
86 67 66
86 67 74
86 131 64
86 131 52
86 131 59
86 64 52
86 64 131
86 64 59
86 52 131
86 52 64
86 52 59
86 59 131
86 59 64
86 59 52
