51 24 35
51 24 37
51 24 23
51 35 37
51 35 24
51 35 23
51 37 24
51 37 35
51 37 23
51 23 24
51 23 35
51 23 37
51 20 74
51 20 69
51 20 66
51 74 69
51 74 20
51 74 66
51 69 20
51 69 74
51 69 66
51 66 20
51 66 74
51 66 69
51 17 18
51 17 29
51 17 20
51 18 29
51 18 17
51 18 20
51 29 17
51 29 18
51 29 20
51 20 17
51 20 18
51 20 29
51 24 29
51 24 29
51 24 30
51 29 29
51 29 24
51 29 30
51 29 24
51 29 29
51 29 30
51 30 24
51 30 29
51 30 29
51 32 30
51 32 28
51 32 23
51 30 28
51 30 32
51 30 23
51 28 32
51 28 30
51 28 23
51 23 32
51 23 30
51 23 28
