128 135 103
128 135 101
128 135 107
128 103 101
128 103 135
128 103 107
128 101 135
128 101 103
128 101 107
128 107 135
128 107 103
128 107 101
128 141 111
128 141 105
128 141 113
128 111 105
128 111 141
128 111 113
128 105 141
128 105 111
128 105 113
128 113 141
128 113 111
128 113 105
128 118 95
128 118 75
128 118 109
128 95 75
128 95 118
128 95 109
128 75 118
128 75 95
128 75 109
128 109 118
128 109 95
128 109 75
128 134 102
128 134 84
128 134 117
128 102 84
128 102 134
128 102 117
128 84 134
128 84 102
128 84 117
128 117 134
128 117 102
128 117 84
128 88 56
128 88 72
128 88 101
128 56 72
128 56 88
128 56 101
128 72 88
128 72 56
128 72 101
128 101 88
128 101 56
128 101 72
