112 85 424
112 85 422
112 85 466
112 424 422
112 424 85
112 424 466
112 422 85
112 422 424
112 422 466
112 466 85
112 466 424
112 466 422
112 115 475
112 115 469
112 115 482
112 475 469
112 475 115
112 475 482
112 469 115
112 469 475
112 469 482
112 482 115
112 482 475
112 482 469
112 101 370
112 101 365
112 101 431
112 370 365
112 370 101
112 370 431
112 365 101
112 365 370
112 365 431
112 431 101
112 431 370
112 431 365
112 90 357
112 90 376
112 90 361
112 357 376
112 357 90
112 357 361
112 376 90
112 376 357
112 376 361
112 361 90
112 361 357
112 361 376
112 96 298
112 96 283
112 96 366
112 298 283
112 298 96
112 298 366
112 283 96
112 283 298
112 283 366
112 366 96
112 366 298
112 366 283
