117 41 17
117 41 22
117 41 27
117 17 22
117 17 41
117 17 27
117 22 41
117 22 17
117 22 27
117 27 41
117 27 17
117 27 22
117 29 35
117 29 28
117 29 28
117 35 28
117 35 29
117 35 28
117 28 29
117 28 35
117 28 28
117 28 29
117 28 35
117 28 28
117 39 33
117 39 19
117 39 24
117 33 19
117 33 39
117 33 24
117 19 39
117 19 33
117 19 24
117 24 39
117 24 33
117 24 19
117 38 15
117 38 22
117 38 27
117 15 22
117 15 38
117 15 27
117 22 38
117 22 15
117 22 27
117 27 38
117 27 15
117 27 22
117 35 35
117 35 16
117 35 31
117 35 16
117 35 35
117 35 31
117 16 35
117 16 35
117 16 31
117 31 35
117 31 35
117 31 16
