110 169 262
110 169 256
110 169 215
110 262 256
110 262 169
110 262 215
110 256 169
110 256 262
110 256 215
110 215 169
110 215 262
110 215 256
110 170 131
110 170 173
110 170 153
110 131 173
110 131 170
110 131 153
110 173 170
110 173 131
110 173 153
110 153 170
110 153 131
110 153 173
110 148 275
110 148 281
110 148 264
110 275 281
110 275 148
110 275 264
110 281 148
110 281 275
110 281 264
110 264 148
110 264 275
110 264 281
110 99 207
110 99 167
110 99 193
110 207 167
110 207 99
110 207 193
110 167 99
110 167 207
110 167 193
110 193 99
110 193 207
110 193 167
110 99 167
110 99 218
110 99 132
110 167 218
110 167 99
110 167 132
110 218 99
110 218 167
110 218 132
110 132 99
110 132 167
110 132 218
