120 19 15
120 19 19
120 19 16
120 15 19
120 15 19
120 15 16
120 19 19
120 19 15
120 19 16
120 16 19
120 16 15
120 16 19
120 15 14
120 15 10
120 15 22
120 14 10
120 14 15
120 14 22
120 10 15
120 10 14
120 10 22
120 22 15
120 22 14
120 22 10
120 31 11
120 31 9
120 31 8
120 11 9
120 11 31
120 11 8
120 9 31
120 9 11
120 9 8
120 8 31
120 8 11
120 8 9
120 32 11
120 32 10
120 32 15
120 11 10
120 11 32
120 11 15
120 10 32
120 10 11
120 10 15
120 15 32
120 15 11
120 15 10
120 24 7
120 24 13
120 24 11
120 7 13
120 7 24
120 7 11
120 13 24
120 13 7
120 13 11
120 11 24
120 11 7
120 11 13
