88 171 74
88 171 79
88 171 72
88 74 79
88 74 171
88 74 72
88 79 171
88 79 74
88 79 72
88 72 171
88 72 74
88 72 79
88 101 85
88 101 83
88 101 81
88 85 83
88 85 101
88 85 81
88 83 101
88 83 85
88 83 81
88 81 101
88 81 85
88 81 83
88 157 69
88 157 53
88 157 77
88 69 53
88 69 157
88 69 77
88 53 157
88 53 69
88 53 77
88 77 157
88 77 69
88 77 53
88 133 50
88 133 56
88 133 72
88 50 56
88 50 133
88 50 72
88 56 133
88 56 50
88 56 72
88 72 133
88 72 50
88 72 56
88 139 76
88 139 75
88 139 50
88 76 75
88 76 139
88 76 50
88 75 139
88 75 76
88 75 50
88 50 139
88 50 76
88 50 75
