61 112 69
61 112 71
61 112 77
61 69 71
61 69 112
61 69 77
61 71 112
61 71 69
61 71 77
61 77 112
61 77 69
61 77 71
61 82 86
61 82 59
61 82 64
61 86 59
61 86 82
61 86 64
61 59 82
61 59 86
61 59 64
61 64 82
61 64 86
61 64 59
61 106 76
61 106 69
61 106 66
61 76 69
61 76 106
61 76 66
61 69 106
61 69 76
61 69 66
61 66 106
61 66 76
61 66 69
61 94 58
61 94 59
61 94 51
61 58 59
61 58 94
61 58 51
61 59 94
61 59 58
61 59 51
61 51 94
61 51 58
61 51 59
61 85 58
61 85 61
61 85 65
61 58 61
61 58 85
61 58 65
61 61 85
61 61 58
61 61 65
61 65 85
61 65 58
61 65 61
