79 98 80
79 98 100
79 98 93
79 80 100
79 80 98
79 80 93
79 100 98
79 100 80
79 100 93
79 93 98
79 93 80
79 93 100
79 80 81
79 80 84
79 80 99
79 81 84
79 81 80
79 81 99
79 84 80
79 84 81
79 84 99
79 99 80
79 99 81
79 99 84
79 110 75
79 110 100
79 110 105
79 75 100
79 75 110
79 75 105
79 100 110
79 100 75
79 100 105
79 105 110
79 105 75
79 105 100
79 99 78
79 99 89
79 99 82
79 78 89
79 78 99
79 78 82
79 89 99
79 89 78
79 89 82
79 82 99
79 82 78
79 82 89
79 145 107
79 145 90
79 145 109
79 107 90
79 107 145
79 107 109
79 90 145
79 90 107
79 90 109
79 109 145
79 109 107
79 109 90
