44 94 115
44 94 101
44 94 124
44 115 101
44 115 94
44 115 124
44 101 94
44 101 115
44 101 124
44 124 94
44 124 115
44 124 101
44 82 76
44 82 85
44 82 118
44 76 85
44 76 82
44 76 118
44 85 82
44 85 76
44 85 118
44 118 82
44 118 76
44 118 85
44 84 143
44 84 188
44 84 204
44 143 188
44 143 84
44 143 204
44 188 84
44 188 143
44 188 204
44 204 84
44 204 143
44 204 188
44 136 166
44 136 172
44 136 236
44 166 172
44 166 136
44 166 236
44 172 136
44 172 166
44 172 236
44 236 136
44 236 166
44 236 172
44 84 173
44 84 212
44 84 212
44 173 212
44 173 84
44 173 212
44 212 84
44 212 173
44 212 212
44 212 84
44 212 173
44 212 212
