71 131 64
71 131 77
71 131 79
71 64 77
71 64 131
71 64 79
71 77 131
71 77 64
71 77 79
71 79 131
71 79 64
71 79 77
71 130 51
71 130 47
71 130 53
71 51 47
71 51 130
71 51 53
71 47 130
71 47 51
71 47 53
71 53 130
71 53 51
71 53 47
71 125 62
71 125 50
71 125 69
71 62 50
71 62 125
71 62 69
71 50 125
71 50 62
71 50 69
71 69 125
71 69 62
71 69 50
71 158 54
71 158 69
71 158 79
71 54 69
71 54 158
71 54 79
71 69 158
71 69 54
71 69 79
71 79 158
71 79 54
71 79 69
71 137 43
71 137 54
71 137 81
71 43 54
71 43 137
71 43 81
71 54 137
71 54 43
71 54 81
71 81 137
71 81 43
71 81 54
