40 53 29
40 53 42
40 53 28
40 29 42
40 29 53
40 29 28
40 42 53
40 42 29
40 42 28
40 28 53
40 28 29
40 28 42
40 38 29
40 38 25
40 38 21
40 29 25
40 29 38
40 29 21
40 25 38
40 25 29
40 25 21
40 21 38
40 21 29
40 21 25
40 28 50
40 28 54
40 28 52
40 50 54
40 50 28
40 50 52
40 54 28
40 54 50
40 54 52
40 52 28
40 52 50
40 52 54
40 37 88
40 37 83
40 37 71
40 88 83
40 88 37
40 88 71
40 83 37
40 83 88
40 83 71
40 71 37
40 71 88
40 71 83
40 64 98
40 64 103
40 64 90
40 98 103
40 98 64
40 98 90
40 103 64
40 103 98
40 103 90
40 90 64
40 90 98
40 90 103
