54 236 517
54 236 442
54 236 471
54 517 442
54 517 236
54 517 471
54 442 236
54 442 517
54 442 471
54 471 236
54 471 517
54 471 442
54 215 565
54 215 543
54 215 567
54 565 543
54 565 215
54 565 567
54 543 215
54 543 565
54 543 567
54 567 215
54 567 565
54 567 543
54 248 455
54 248 451
54 248 435
54 455 451
54 455 248
54 455 435
54 451 248
54 451 455
54 451 435
54 435 248
54 435 455
54 435 451
54 214 402
54 214 376
54 214 334
54 402 376
54 402 214
54 402 334
54 376 214
54 376 402
54 376 334
54 334 214
54 334 402
54 334 376
54 190 266
54 190 293
54 190 255
54 266 293
54 266 190
54 266 255
54 293 190
54 293 266
54 293 255
54 255 190
54 255 266
54 255 293
