86 118 50
86 118 46
86 118 39
86 50 46
86 50 118
86 50 39
86 46 118
86 46 50
86 46 39
86 39 118
86 39 50
86 39 46
86 108 36
86 108 38
86 108 41
86 36 38
86 36 108
86 36 41
86 38 108
86 38 36
86 38 41
86 41 108
86 41 36
86 41 38
86 100 36
86 100 34
86 100 44
86 36 34
86 36 100
86 36 44
86 34 100
86 34 36
86 34 44
86 44 100
86 44 36
86 44 34
86 92 37
86 92 34
86 92 38
86 37 34
86 37 92
86 37 38
86 34 92
86 34 37
86 34 38
86 38 92
86 38 37
86 38 34
86 92 40
86 92 27
86 92 36
86 40 27
86 40 92
86 40 36
86 27 92
86 27 40
86 27 36
86 36 92
86 36 40
86 36 27
