129 95 67
129 95 82
129 95 85
129 67 82
129 67 95
129 67 85
129 82 95
129 82 67
129 82 85
129 85 95
129 85 67
129 85 82
129 111 73
129 111 55
129 111 75
129 73 55
129 73 111
129 73 75
129 55 111
129 55 73
129 55 75
129 75 111
129 75 73
129 75 55
129 99 54
129 99 82
129 99 70
129 54 82
129 54 99
129 54 70
129 82 99
129 82 54
129 82 70
129 70 99
129 70 54
129 70 82
129 101 70
129 101 67
129 101 71
129 70 67
129 70 101
129 70 71
129 67 101
129 67 70
129 67 71
129 71 101
129 71 70
129 71 67
129 82 66
129 82 71
129 82 62
129 66 71
129 66 82
129 66 62
129 71 82
129 71 66
129 71 62
129 62 82
129 62 66
129 62 71
