102 145 151
102 145 116
102 145 127
102 151 116
102 151 145
102 151 127
102 116 145
102 116 151
102 116 127
102 127 145
102 127 151
102 127 116
102 150 145
102 150 109
102 150 139
102 145 109
102 145 150
102 145 139
102 109 150
102 109 145
102 109 139
102 139 150
102 139 145
102 139 109
102 139 126
102 139 122
102 139 135
102 126 122
102 126 139
102 126 135
102 122 139
102 122 126
102 122 135
102 135 139
102 135 126
102 135 122
102 152 144
102 152 172
102 152 160
102 144 172
102 144 152
102 144 160
102 172 152
102 172 144
102 172 160
102 160 152
102 160 144
102 160 172
102 136 236
102 136 232
102 136 204
102 236 232
102 236 136
102 236 204
102 232 136
102 232 236
102 232 204
102 204 136
102 204 236
102 204 232
