85 109 44
85 109 48
85 109 30
85 44 48
85 44 109
85 44 30
85 48 109
85 48 44
85 48 30
85 30 109
85 30 44
85 30 48
85 110 37
85 110 43
85 110 31
85 37 43
85 37 110
85 37 31
85 43 110
85 43 37
85 43 31
85 31 110
85 31 37
85 31 43
85 157 30
85 157 30
85 157 41
85 30 30
85 30 157
85 30 41
85 30 157
85 30 30
85 30 41
85 41 157
85 41 30
85 41 30
85 85 35
85 85 78
85 85 16
85 35 78
85 35 85
85 35 16
85 78 85
85 78 35
85 78 16
85 16 85
85 16 35
85 16 78
85 100 40
85 100 48
85 100 34
85 40 48
85 40 100
85 40 34
85 48 100
85 48 40
85 48 34
85 34 100
85 34 40
85 34 48
