80 119 50
80 119 58
80 119 65
80 50 58
80 50 119
80 50 65
80 58 119
80 58 50
80 58 65
80 65 119
80 65 50
80 65 58
80 103 59
80 103 54
80 103 74
80 59 54
80 59 103
80 59 74
80 54 103
80 54 59
80 54 74
80 74 103
80 74 59
80 74 54
80 86 75
80 86 79
80 86 71
80 75 79
80 75 86
80 75 71
80 79 86
80 79 75
80 79 71
80 71 86
80 71 75
80 71 79
80 127 71
80 127 60
80 127 97
80 71 60
80 71 127
80 71 97
80 60 127
80 60 71
80 60 97
80 97 127
80 97 71
80 97 60
80 148 65
80 148 54
80 148 67
80 65 54
80 65 148
80 65 67
80 54 148
80 54 65
80 54 67
80 67 148
80 67 65
80 67 54
