96 205 146
96 205 104
96 205 147
96 146 104
96 146 205
96 146 147
96 104 205
96 104 146
96 104 147
96 147 205
96 147 146
96 147 104
96 207 146
96 207 135
96 207 134
96 146 135
96 146 207
96 146 134
96 135 207
96 135 146
96 135 134
96 134 207
96 134 146
96 134 135
96 203 166
96 203 141
96 203 133
96 166 141
96 166 203
96 166 133
96 141 203
96 141 166
96 141 133
96 133 203
96 133 166
96 133 141
96 167 138
96 167 146
96 167 199
96 138 146
96 138 167
96 138 199
96 146 167
96 146 138
96 146 199
96 199 167
96 199 138
96 199 146
96 240 149
96 240 113
96 240 151
96 149 113
96 149 240
96 149 151
96 113 240
96 113 149
96 113 151
96 151 240
96 151 149
96 151 113
