85 532 223
85 532 189
85 532 249
85 223 189
85 223 532
85 223 249
85 189 532
85 189 223
85 189 249
85 249 532
85 249 223
85 249 189
85 537 211
85 537 160
85 537 231
85 211 160
85 211 537
85 211 231
85 160 537
85 160 211
85 160 231
85 231 537
85 231 211
85 231 160
85 492 168
85 492 199
85 492 243
85 168 199
85 168 492
85 168 243
85 199 492
85 199 168
85 199 243
85 243 492
85 243 168
85 243 199
85 514 193
85 514 209
85 514 247
85 193 209
85 193 514
85 193 247
85 209 514
85 209 193
85 209 247
85 247 514
85 247 193
85 247 209
85 587 173
85 587 214
85 587 268
85 173 214
85 173 587
85 173 268
85 214 587
85 214 173
85 214 268
85 268 587
85 268 173
85 268 214
