132 18 28
132 18 25
132 18 31
132 28 25
132 28 18
132 28 31
132 25 18
132 25 28
132 25 31
132 31 18
132 31 28
132 31 25
132 51 25
132 51 26
132 51 27
132 25 26
132 25 51
132 25 27
132 26 51
132 26 25
132 26 27
132 27 51
132 27 25
132 27 26
132 29 22
132 29 23
132 29 37
132 22 23
132 22 29
132 22 37
132 23 29
132 23 22
132 23 37
132 37 29
132 37 22
132 37 23
132 16 14
132 16 26
132 16 25
132 14 26
132 14 16
132 14 25
132 26 16
132 26 14
132 26 25
132 25 16
132 25 14
132 25 26
132 16 7
132 16 7
132 16 12
132 7 7
132 7 16
132 7 12
132 7 16
132 7 7
132 7 12
132 12 16
132 12 7
132 12 7
