50 101 603
50 101 603
50 101 635
50 603 603
50 603 101
50 603 635
50 603 101
50 603 603
50 603 635
50 635 101
50 635 603
50 635 603
50 71 412
50 71 399
50 71 476
50 412 399
50 412 71
50 412 476
50 399 71
50 399 412
50 399 476
50 476 71
50 476 412
50 476 399
50 73 499
50 73 447
50 73 506
50 499 447
50 499 73
50 499 506
50 447 73
50 447 499
50 447 506
50 506 73
50 506 499
50 506 447
50 103 452
50 103 461
50 103 426
50 452 461
50 452 103
50 452 426
50 461 103
50 461 452
50 461 426
50 426 103
50 426 452
50 426 461
50 116 420
50 116 418
50 116 425
50 420 418
50 420 116
50 420 425
50 418 116
50 418 420
50 418 425
50 425 116
50 425 420
50 425 418
