127 141 128
127 141 125
127 141 164
127 128 125
127 128 141
127 128 164
127 125 141
127 125 128
127 125 164
127 164 141
127 164 128
127 164 125
127 116 128
127 116 112
127 116 148
127 128 112
127 128 116
127 128 148
127 112 116
127 112 128
127 112 148
127 148 116
127 148 128
127 148 112
127 132 110
127 132 103
127 132 116
127 110 103
127 110 132
127 110 116
127 103 132
127 103 110
127 103 116
127 116 132
127 116 110
127 116 103
127 141 132
127 141 140
127 141 125
127 132 140
127 132 141
127 132 125
127 140 141
127 140 132
127 140 125
127 125 141
127 125 132
127 125 140
127 151 115
127 151 97
127 151 127
127 115 97
127 115 151
127 115 127
127 97 151
127 97 115
127 97 127
127 127 151
127 127 115
127 127 97
