79 134 42
79 134 34
79 134 72
79 42 34
79 42 134
79 42 72
79 34 134
79 34 42
79 34 72
79 72 134
79 72 42
79 72 34
79 137 68
79 137 40
79 137 68
79 68 40
79 68 137
79 68 68
79 40 137
79 40 68
79 40 68
79 68 137
79 68 68
79 68 40
79 127 47
79 127 49
79 127 77
79 47 49
79 47 127
79 47 77
79 49 127
79 49 47
79 49 77
79 77 127
79 77 47
79 77 49
79 161 44
79 161 57
79 161 63
79 44 57
79 44 161
79 44 63
79 57 161
79 57 44
79 57 63
79 63 161
79 63 44
79 63 57
79 121 51
79 121 58
79 121 60
79 51 58
79 51 121
79 51 60
79 58 121
79 58 51
79 58 60
79 60 121
79 60 51
79 60 58
