80 128 139
80 128 94
80 128 103
80 139 94
80 139 128
80 139 103
80 94 128
80 94 139
80 94 103
80 103 128
80 103 139
80 103 94
80 160 111
80 160 95
80 160 106
80 111 95
80 111 160
80 111 106
80 95 160
80 95 111
80 95 106
80 106 160
80 106 111
80 106 95
80 128 100
80 128 114
80 128 130
80 100 114
80 100 128
80 100 130
80 114 128
80 114 100
80 114 130
80 130 128
80 130 100
80 130 114
80 134 102
80 134 107
80 134 110
80 102 107
80 102 134
80 102 110
80 107 134
80 107 102
80 107 110
80 110 134
80 110 102
80 110 107
80 146 112
80 146 119
80 146 127
80 112 119
80 112 146
80 112 127
80 119 146
80 119 112
80 119 127
80 127 146
80 127 112
80 127 119
