113 134 313
113 134 303
113 134 276
113 313 303
113 313 134
113 313 276
113 303 134
113 303 313
113 303 276
113 276 134
113 276 313
113 276 303
113 162 361
113 162 386
113 162 356
113 361 386
113 361 162
113 361 356
113 386 162
113 386 361
113 386 356
113 356 162
113 356 361
113 356 386
113 191 256
113 191 288
113 191 253
113 256 288
113 256 191
113 256 253
113 288 191
113 288 256
113 288 253
113 253 191
113 253 256
113 253 288
113 282 245
113 282 265
113 282 305
113 245 265
113 245 282
113 245 305
113 265 282
113 265 245
113 265 305
113 305 282
113 305 245
113 305 265
113 174 227
113 174 252
113 174 254
113 227 252
113 227 174
113 227 254
113 252 174
113 252 227
113 252 254
113 254 174
113 254 227
113 254 252
