91 478 174
91 478 177
91 478 243
91 174 177
91 174 478
91 174 243
91 177 478
91 177 174
91 177 243
91 243 478
91 243 174
91 243 177
91 547 192
91 547 240
91 547 179
91 192 240
91 192 547
91 192 179
91 240 547
91 240 192
91 240 179
91 179 547
91 179 192
91 179 240
91 478 226
91 478 237
91 478 220
91 226 237
91 226 478
91 226 220
91 237 478
91 237 226
91 237 220
91 220 478
91 220 226
91 220 237
91 431 175
91 431 172
91 431 218
91 175 172
91 175 431
91 175 218
91 172 431
91 172 175
91 172 218
91 218 431
91 218 175
91 218 172
91 408 204
91 408 171
91 408 250
91 204 171
91 204 408
91 204 250
91 171 408
91 171 204
91 171 250
91 250 408
91 250 204
91 250 171
