78 225 152
78 225 150
78 225 183
78 152 150
78 152 225
78 152 183
78 150 225
78 150 152
78 150 183
78 183 225
78 183 152
78 183 150
78 213 149
78 213 148
78 213 219
78 149 148
78 149 213
78 149 219
78 148 213
78 148 149
78 148 219
78 219 213
78 219 149
78 219 148
78 287 211
78 287 155
78 287 186
78 211 155
78 211 287
78 211 186
78 155 287
78 155 211
78 155 186
78 186 287
78 186 211
78 186 155
78 253 172
78 253 175
78 253 213
78 172 175
78 172 253
78 172 213
78 175 253
78 175 172
78 175 213
78 213 253
78 213 172
78 213 175
78 251 179
78 251 200
78 251 209
78 179 200
78 179 251
78 179 209
78 200 251
78 200 179
78 200 209
78 209 251
78 209 179
78 209 200
