92 41 31
92 41 24
92 41 36
92 31 24
92 31 41
92 31 36
92 24 41
92 24 31
92 24 36
92 36 41
92 36 31
92 36 24
92 36 24
92 36 29
92 36 40
92 24 29
92 24 36
92 24 40
92 29 36
92 29 24
92 29 40
92 40 36
92 40 24
92 40 29
92 48 27
92 48 34
92 48 35
92 27 34
92 27 48
92 27 35
92 34 48
92 34 27
92 34 35
92 35 48
92 35 27
92 35 34
92 65 29
92 65 35
92 65 38
92 29 35
92 29 65
92 29 38
92 35 65
92 35 29
92 35 38
92 38 65
92 38 29
92 38 35
92 68 34
92 68 39
92 68 28
92 34 39
92 34 68
92 34 28
92 39 68
92 39 34
92 39 28
92 28 68
92 28 34
92 28 39
