55 69 148
55 69 153
55 69 171
55 148 153
55 148 69
55 148 171
55 153 69
55 153 148
55 153 171
55 171 69
55 171 148
55 171 153
55 73 116
55 73 167
55 73 130
55 116 167
55 116 73
55 116 130
55 167 73
55 167 116
55 167 130
55 130 73
55 130 116
55 130 167
55 72 118
55 72 120
55 72 112
55 118 120
55 118 72
55 118 112
55 120 72
55 120 118
55 120 112
55 112 72
55 112 118
55 112 120
55 70 92
55 70 106
55 70 86
55 92 106
55 92 70
55 92 86
55 106 70
55 106 92
55 106 86
55 86 70
55 86 92
55 86 106
55 58 94
55 58 78
55 58 113
55 94 78
55 94 58
55 94 113
55 78 58
55 78 94
55 78 113
55 113 58
55 113 94
55 113 78
