123 140 62
123 140 72
123 140 67
123 62 72
123 62 140
123 62 67
123 72 140
123 72 62
123 72 67
123 67 140
123 67 62
123 67 72
123 117 110
123 117 121
123 117 72
123 110 121
123 110 117
123 110 72
123 121 117
123 121 110
123 121 72
123 72 117
123 72 110
123 72 121
123 100 72
123 100 90
123 100 84
123 72 90
123 72 100
123 72 84
123 90 100
123 90 72
123 90 84
123 84 100
123 84 72
123 84 90
123 101 87
123 101 84
123 101 118
123 87 84
123 87 101
123 87 118
123 84 101
123 84 87
123 84 118
123 118 101
123 118 87
123 118 84
123 95 49
123 95 95
123 95 113
123 49 95
123 49 95
123 49 113
123 95 95
123 95 49
123 95 113
123 113 95
123 113 49
123 113 95
