105 1882 966
105 1882 911
105 1882 1121
105 966 911
105 966 1882
105 966 1121
105 911 1882
105 911 966
105 911 1121
105 1121 1882
105 1121 966
105 1121 911
105 2026 869
105 2026 984
105 2026 971
105 869 984
105 869 2026
105 869 971
105 984 2026
105 984 869
105 984 971
105 971 2026
105 971 869
105 971 984
105 2064 948
105 2064 804
105 2064 1102
105 948 804
105 948 2064
105 948 1102
105 804 2064
105 804 948
105 804 1102
105 1102 2064
105 1102 948
105 1102 804
105 1970 891
105 1970 977
105 1970 983
105 891 977
105 891 1970
105 891 983
105 977 1970
105 977 891
105 977 983
105 983 1970
105 983 891
105 983 977
105 1962 938
105 1962 938
105 1962 1165
105 938 938
105 938 1962
105 938 1165
105 938 1962
105 938 938
105 938 1165
105 1165 1962
105 1165 938
105 1165 938
