135 78 95
135 78 102
135 78 98
135 95 102
135 95 78
135 95 98
135 102 78
135 102 95
135 102 98
135 98 78
135 98 95
135 98 102
135 121 63
135 121 69
135 121 118
135 63 69
135 63 121
135 63 118
135 69 121
135 69 63
135 69 118
135 118 121
135 118 63
135 118 69
135 158 39
135 158 43
135 158 43
135 39 43
135 39 158
135 39 43
135 43 158
135 43 39
135 43 43
135 43 158
135 43 39
135 43 43
135 60 71
135 60 77
135 60 78
135 71 77
135 71 60
135 71 78
135 77 60
135 77 71
135 77 78
135 78 60
135 78 71
135 78 77
135 104 47
135 104 29
135 104 26
135 47 29
135 47 104
135 47 26
135 29 104
135 29 47
135 29 26
135 26 104
135 26 47
135 26 29
