80 130 67
80 130 45
80 130 59
80 67 45
80 67 130
80 67 59
80 45 130
80 45 67
80 45 59
80 59 130
80 59 67
80 59 45
80 119 48
80 119 55
80 119 44
80 48 55
80 48 119
80 48 44
80 55 119
80 55 48
80 55 44
80 44 119
80 44 48
80 44 55
80 119 58
80 119 43
80 119 51
80 58 43
80 58 119
80 58 51
80 43 119
80 43 58
80 43 51
80 51 119
80 51 58
80 51 43
80 125 65
80 125 71
80 125 90
80 65 71
80 65 125
80 65 90
80 71 125
80 71 65
80 71 90
80 90 125
80 90 65
80 90 71
80 168 55
80 168 54
80 168 65
80 55 54
80 55 168
80 55 65
80 54 168
80 54 55
80 54 65
80 65 168
80 65 55
80 65 54
