49 116 624
49 116 638
49 116 631
49 624 638
49 624 116
49 624 631
49 638 116
49 638 624
49 638 631
49 631 116
49 631 624
49 631 638
49 130 579
49 130 544
49 130 534
49 579 544
49 579 130
49 579 534
49 544 130
49 544 579
49 544 534
49 534 130
49 534 579
49 534 544
49 138 542
49 138 584
49 138 600
49 542 584
49 542 138
49 542 600
49 584 138
49 584 542
49 584 600
49 600 138
49 600 542
49 600 584
49 115 578
49 115 541
49 115 511
49 578 541
49 578 115
49 578 511
49 541 115
49 541 578
49 541 511
49 511 115
49 511 578
49 511 541
49 170 497
49 170 519
49 170 509
49 497 519
49 497 170
49 497 509
49 519 170
49 519 497
49 519 509
49 509 170
49 509 497
49 509 519
