96 98 61
96 98 56
96 98 56
96 61 56
96 61 98
96 61 56
96 56 98
96 56 61
96 56 56
96 56 98
96 56 61
96 56 56
96 82 68
96 82 51
96 82 84
96 68 51
96 68 82
96 68 84
96 51 82
96 51 68
96 51 84
96 84 82
96 84 68
96 84 51
96 89 60
96 89 88
96 89 67
96 60 88
96 60 89
96 60 67
96 88 89
96 88 60
96 88 67
96 67 89
96 67 60
96 67 88
96 71 67
96 71 67
96 71 155
96 67 67
96 67 71
96 67 155
96 67 71
96 67 67
96 67 155
96 155 71
96 155 67
96 155 67
96 70 54
96 70 80
96 70 152
96 54 80
96 54 70
96 54 152
96 80 70
96 80 54
96 80 152
96 152 70
96 152 54
96 152 80
