67 74 74
67 74 33
67 74 78
67 74 33
67 74 74
67 74 78
67 33 74
67 33 74
67 33 78
67 78 74
67 78 74
67 78 33
67 91 67
67 91 53
67 91 67
67 67 53
67 67 91
67 67 67
67 53 91
67 53 67
67 53 67
67 67 91
67 67 67
67 67 53
67 98 63
67 98 55
67 98 65
67 63 55
67 63 98
67 63 65
67 55 98
67 55 63
67 55 65
67 65 98
67 65 63
67 65 55
67 106 45
67 106 66
67 106 93
67 45 66
67 45 106
67 45 93
67 66 106
67 66 45
67 66 93
67 93 106
67 93 45
67 93 66
67 79 78
67 79 58
67 79 56
67 78 58
67 78 79
67 78 56
67 58 79
67 58 78
67 58 56
67 56 79
67 56 78
67 56 58
