137 140 110
137 140 86
137 140 89
137 110 86
137 110 140
137 110 89
137 86 140
137 86 110
137 86 89
137 89 140
137 89 110
137 89 86
137 112 61
137 112 62
137 112 104
137 61 62
137 61 112
137 61 104
137 62 112
137 62 61
137 62 104
137 104 112
137 104 61
137 104 62
137 106 54
137 106 49
137 106 46
137 54 49
137 54 106
137 54 46
137 49 106
137 49 54
137 49 46
137 46 106
137 46 54
137 46 49
137 86 74
137 86 75
137 86 79
137 74 75
137 74 86
137 74 79
137 75 86
137 75 74
137 75 79
137 79 86
137 79 74
137 79 75
137 166 57
137 166 39
137 166 30
137 57 39
137 57 166
137 57 30
137 39 166
137 39 57
137 39 30
137 30 166
137 30 57
137 30 39
