56 247 317
56 247 363
56 247 352
56 317 363
56 317 247
56 317 352
56 363 247
56 363 317
56 363 352
56 352 247
56 352 317
56 352 363
56 275 417
56 275 424
56 275 403
56 417 424
56 417 275
56 417 403
56 424 275
56 424 417
56 424 403
56 403 275
56 403 417
56 403 424
56 235 259
56 235 296
56 235 328
56 259 296
56 259 235
56 259 328
56 296 235
56 296 259
56 296 328
56 328 235
56 328 259
56 328 296
56 247 246
56 247 255
56 247 281
56 246 255
56 246 247
56 246 281
56 255 247
56 255 246
56 255 281
56 281 247
56 281 246
56 281 255
56 228 233
56 228 244
56 228 290
56 233 244
56 233 228
56 233 290
56 244 228
56 244 233
56 244 290
56 290 228
56 290 233
56 290 244
