80 65 44
80 65 36
80 65 41
80 44 36
80 44 65
80 44 41
80 36 65
80 36 44
80 36 41
80 41 65
80 41 44
80 41 36
80 77 46
80 77 43
80 77 45
80 46 43
80 46 77
80 46 45
80 43 77
80 43 46
80 43 45
80 45 77
80 45 46
80 45 43
80 97 39
80 97 54
80 97 50
80 39 54
80 39 97
80 39 50
80 54 97
80 54 39
80 54 50
80 50 97
80 50 39
80 50 54
80 86 51
80 86 40
80 86 45
80 51 40
80 51 86
80 51 45
80 40 86
80 40 51
80 40 45
80 45 86
80 45 51
80 45 40
80 113 41
80 113 46
80 113 49
80 41 46
80 41 113
80 41 49
80 46 113
80 46 41
80 46 49
80 49 113
80 49 41
80 49 46
