130 96 110
130 96 105
130 96 93
130 110 105
130 110 96
130 110 93
130 105 96
130 105 110
130 105 93
130 93 96
130 93 110
130 93 105
130 132 125
130 132 121
130 132 124
130 125 121
130 125 132
130 125 124
130 121 132
130 121 125
130 121 124
130 124 132
130 124 125
130 124 121
130 96 124
130 96 107
130 96 123
130 124 107
130 124 96
130 124 123
130 107 96
130 107 124
130 107 123
130 123 96
130 123 124
130 123 107
130 108 94
130 108 95
130 108 120
130 94 95
130 94 108
130 94 120
130 95 108
130 95 94
130 95 120
130 120 108
130 120 94
130 120 95
130 97 96
130 97 94
130 97 95
130 96 94
130 96 97
130 96 95
130 94 97
130 94 96
130 94 95
130 95 97
130 95 96
130 95 94
