53 112 345
53 112 365
53 112 381
53 345 365
53 345 112
53 345 381
53 365 112
53 365 345
53 365 381
53 381 112
53 381 345
53 381 365
53 129 441
53 129 458
53 129 437
53 441 458
53 441 129
53 441 437
53 458 129
53 458 441
53 458 437
53 437 129
53 437 441
53 437 458
53 101 321
53 101 321
53 101 304
53 321 321
53 321 101
53 321 304
53 321 101
53 321 321
53 321 304
53 304 101
53 304 321
53 304 321
53 98 232
53 98 220
53 98 272
53 232 220
53 232 98
53 232 272
53 220 98
53 220 232
53 220 272
53 272 98
53 272 232
53 272 220
53 111 234
53 111 218
53 111 230
53 234 218
53 234 111
53 234 230
53 218 111
53 218 234
53 218 230
53 230 111
53 230 234
53 230 218
