43 44 19
43 44 22
43 44 15
43 19 22
43 19 44
43 19 15
43 22 44
43 22 19
43 22 15
43 15 44
43 15 19
43 15 22
43 16 28
43 16 23
43 16 18
43 28 23
43 28 16
43 28 18
43 23 16
43 23 28
43 23 18
43 18 16
43 18 28
43 18 23
43 20 11
43 20 16
43 20 17
43 11 16
43 11 20
43 11 17
43 16 20
43 16 11
43 16 17
43 17 20
43 17 11
43 17 16
43 6 20
43 6 22
43 6 18
43 20 22
43 20 6
43 20 18
43 22 6
43 22 20
43 22 18
43 18 6
43 18 20
43 18 22
43 25 24
43 25 22
43 25 22
43 24 22
43 24 25
43 24 22
43 22 25
43 22 24
43 22 22
43 22 25
43 22 24
43 22 22
