115 173 159
115 173 88
115 173 132
115 159 88
115 159 173
115 159 132
115 88 173
115 88 159
115 88 132
115 132 173
115 132 159
115 132 88
115 167 134
115 167 158
115 167 125
115 134 158
115 134 167
115 134 125
115 158 167
115 158 134
115 158 125
115 125 167
115 125 134
115 125 158
115 134 164
115 134 186
115 134 189
115 164 186
115 164 134
115 164 189
115 186 134
115 186 164
115 186 189
115 189 134
115 189 164
115 189 186
115 133 97
115 133 135
115 133 105
115 97 135
115 97 133
115 97 105
115 135 133
115 135 97
115 135 105
115 105 133
115 105 97
115 105 135
115 138 95
115 138 82
115 138 103
115 95 82
115 95 138
115 95 103
115 82 138
115 82 95
115 82 103
115 103 138
115 103 95
115 103 82
