80 130 60
80 130 53
80 130 56
80 60 53
80 60 130
80 60 56
80 53 130
80 53 60
80 53 56
80 56 130
80 56 60
80 56 53
80 116 50
80 116 63
80 116 56
80 50 63
80 50 116
80 50 56
80 63 116
80 63 50
80 63 56
80 56 116
80 56 50
80 56 63
80 153 34
80 153 61
80 153 57
80 34 61
80 34 153
80 34 57
80 61 153
80 61 34
80 61 57
80 57 153
80 57 34
80 57 61
80 131 72
80 131 38
80 131 60
80 72 38
80 72 131
80 72 60
80 38 131
80 38 72
80 38 60
80 60 131
80 60 72
80 60 38
80 168 43
80 168 45
80 168 40
80 43 45
80 43 168
80 43 40
80 45 168
80 45 43
80 45 40
80 40 168
80 40 43
80 40 45
