85 123 67
85 123 63
85 123 96
85 67 63
85 67 123
85 67 96
85 63 123
85 63 67
85 63 96
85 96 123
85 96 67
85 96 63
85 151 62
85 151 57
85 151 109
85 62 57
85 62 151
85 62 109
85 57 151
85 57 62
85 57 109
85 109 151
85 109 62
85 109 57
85 121 63
85 121 58
85 121 90
85 63 58
85 63 121
85 63 90
85 58 121
85 58 63
85 58 90
85 90 121
85 90 63
85 90 58
85 167 52
85 167 66
85 167 98
85 52 66
85 52 167
85 52 98
85 66 167
85 66 52
85 66 98
85 98 167
85 98 52
85 98 66
85 112 55
85 112 55
85 112 98
85 55 55
85 55 112
85 55 98
85 55 112
85 55 55
85 55 98
85 98 112
85 98 55
85 98 55
