61 40 16
61 40 21
61 40 14
61 16 21
61 16 40
61 16 14
61 21 40
61 21 16
61 21 14
61 14 40
61 14 16
61 14 21
61 21 19
61 21 17
61 21 12
61 19 17
61 19 21
61 19 12
61 17 21
61 17 19
61 17 12
61 12 21
61 12 19
61 12 17
61 33 20
61 33 33
61 33 21
61 20 33
61 20 33
61 20 21
61 33 33
61 33 20
61 33 21
61 21 33
61 21 20
61 21 33
61 45 13
61 45 16
61 45 12
61 13 16
61 13 45
61 13 12
61 16 45
61 16 13
61 16 12
61 12 45
61 12 13
61 12 16
61 33 35
61 33 29
61 33 17
61 35 29
61 35 33
61 35 17
61 29 33
61 29 35
61 29 17
61 17 33
61 17 35
61 17 29
