89 84 56
89 84 75
89 84 58
89 56 75
89 56 84
89 56 58
89 75 84
89 75 56
89 75 58
89 58 84
89 58 56
89 58 75
89 71 72
89 71 59
89 71 64
89 72 59
89 72 71
89 72 64
89 59 71
89 59 72
89 59 64
89 64 71
89 64 72
89 64 59
89 73 64
89 73 60
89 73 39
89 64 60
89 64 73
89 64 39
89 60 73
89 60 64
89 60 39
89 39 73
89 39 64
89 39 60
89 39 63
89 39 69
89 39 63
89 63 69
89 63 39
89 63 63
89 69 39
89 69 63
89 69 63
89 63 39
89 63 63
89 63 69
89 74 82
89 74 75
89 74 76
89 82 75
89 82 74
89 82 76
89 75 74
89 75 82
89 75 76
89 76 74
89 76 82
89 76 75
