96 500 214
96 500 190
96 500 269
96 214 190
96 214 500
96 214 269
96 190 500
96 190 214
96 190 269
96 269 500
96 269 214
96 269 190
96 384 150
96 384 184
96 384 229
96 150 184
96 150 384
96 150 229
96 184 384
96 184 150
96 184 229
96 229 384
96 229 150
96 229 184
96 346 198
96 346 196
96 346 308
96 198 196
96 198 346
96 198 308
96 196 346
96 196 198
96 196 308
96 308 346
96 308 198
96 308 196
96 301 191
96 301 215
96 301 214
96 191 215
96 191 301
96 191 214
96 215 301
96 215 191
96 215 214
96 214 301
96 214 191
96 214 215
96 601 223
96 601 279
96 601 247
96 223 279
96 223 601
96 223 247
96 279 601
96 279 223
96 279 247
96 247 601
96 247 223
96 247 279
