116 54 48
116 54 46
116 54 76
116 48 46
116 48 54
116 48 76
116 46 54
116 46 48
116 46 76
116 76 54
116 76 48
116 76 46
116 69 53
116 69 46
116 69 71
116 53 46
116 53 69
116 53 71
116 46 69
116 46 53
116 46 71
116 71 69
116 71 53
116 71 46
116 53 51
116 53 54
116 53 39
116 51 54
116 51 53
116 51 39
116 54 53
116 54 51
116 54 39
116 39 53
116 39 51
116 39 54
116 45 56
116 45 37
116 45 44
116 56 37
116 56 45
116 56 44
116 37 45
116 37 56
116 37 44
116 44 45
116 44 56
116 44 37
116 38 33
116 38 32
116 38 52
116 33 32
116 33 38
116 33 52
116 32 38
116 32 33
116 32 52
116 52 38
116 52 33
116 52 32
