108 211 320
108 211 267
108 211 153
108 320 267
108 320 211
108 320 153
108 267 211
108 267 320
108 267 153
108 153 211
108 153 320
108 153 267
108 140 118
108 140 155
108 140 239
108 118 155
108 118 140
108 118 239
108 155 140
108 155 118
108 155 239
108 239 140
108 239 118
108 239 155
108 277 217
108 277 190
108 277 289
108 217 190
108 217 277
108 217 289
108 190 277
108 190 217
108 190 289
108 289 277
108 289 217
108 289 190
108 159 190
108 159 192
108 159 255
108 190 192
108 190 159
108 190 255
108 192 159
108 192 190
108 192 255
108 255 159
108 255 190
108 255 192
108 153 344
108 153 368
108 153 211
108 344 368
108 344 153
108 344 211
108 368 153
108 368 344
108 368 211
108 211 153
108 211 344
108 211 368
