77 123 47
77 123 51
77 123 57
77 47 51
77 47 123
77 47 57
77 51 123
77 51 47
77 51 57
77 57 123
77 57 47
77 57 51
77 89 43
77 89 38
77 89 55
77 43 38
77 43 89
77 43 55
77 38 89
77 38 43
77 38 55
77 55 89
77 55 43
77 55 38
77 88 42
77 88 64
77 88 65
77 42 64
77 42 88
77 42 65
77 64 88
77 64 42
77 64 65
77 65 88
77 65 42
77 65 64
77 95 44
77 95 44
77 95 64
77 44 44
77 44 95
77 44 64
77 44 95
77 44 44
77 44 64
77 64 95
77 64 44
77 64 44
77 95 40
77 95 62
77 95 54
77 40 62
77 40 95
77 40 54
77 62 95
77 62 40
77 62 54
77 54 95
77 54 40
77 54 62
