73 114 128
73 114 118
73 114 128
73 128 118
73 128 114
73 128 128
73 118 114
73 118 128
73 118 128
73 128 114
73 128 128
73 128 118
73 102 139
73 102 114
73 102 162
73 139 114
73 139 102
73 139 162
73 114 102
73 114 139
73 114 162
73 162 102
73 162 139
73 162 114
73 135 127
73 135 124
73 135 164
73 127 124
73 127 135
73 127 164
73 124 135
73 124 127
73 124 164
73 164 135
73 164 127
73 164 124
73 114 116
73 114 196
73 114 145
73 116 196
73 116 114
73 116 145
73 196 114
73 196 116
73 196 145
73 145 114
73 145 116
73 145 196
73 88 198
73 88 183
73 88 194
73 198 183
73 198 88
73 198 194
73 183 88
73 183 198
73 183 194
73 194 88
73 194 198
73 194 183
