67 125 109
67 125 128
67 125 134
67 109 128
67 109 125
67 109 134
67 128 125
67 128 109
67 128 134
67 134 125
67 134 109
67 134 128
67 94 102
67 94 131
67 94 116
67 102 131
67 102 94
67 102 116
67 131 94
67 131 102
67 131 116
67 116 94
67 116 102
67 116 131
67 72 116
67 72 110
67 72 118
67 116 110
67 116 72
67 116 118
67 110 72
67 110 116
67 110 118
67 118 72
67 118 116
67 118 110
67 144 122
67 144 102
67 144 119
67 122 102
67 122 144
67 122 119
67 102 144
67 102 122
67 102 119
67 119 144
67 119 122
67 119 102
67 107 105
67 107 107
67 107 100
67 105 107
67 105 107
67 105 100
67 107 107
67 107 105
67 107 100
67 100 107
67 100 105
67 100 107
