93 807 205
93 807 228
93 807 244
93 205 228
93 205 807
93 205 244
93 228 807
93 228 205
93 228 244
93 244 807
93 244 205
93 244 228
93 685 222
93 685 244
93 685 236
93 222 244
93 222 685
93 222 236
93 244 685
93 244 222
93 244 236
93 236 685
93 236 222
93 236 244
93 839 184
93 839 262
93 839 341
93 184 262
93 184 839
93 184 341
93 262 839
93 262 184
93 262 341
93 341 839
93 341 184
93 341 262
93 944 213
93 944 226
93 944 271
93 213 226
93 213 944
93 213 271
93 226 944
93 226 213
93 226 271
93 271 944
93 271 213
93 271 226
93 1063 173
93 1063 197
93 1063 237
93 173 197
93 173 1063
93 173 237
93 197 1063
93 197 173
93 197 237
93 237 1063
93 237 173
93 237 197
