63 52 58
63 52 71
63 52 78
63 58 71
63 58 52
63 58 78
63 71 52
63 71 58
63 71 78
63 78 52
63 78 58
63 78 71
63 57 71
63 57 76
63 57 70
63 71 76
63 71 57
63 71 70
63 76 57
63 76 71
63 76 70
63 70 57
63 70 71
63 70 76
63 49 70
63 49 60
63 49 74
63 70 60
63 70 49
63 70 74
63 60 49
63 60 70
63 60 74
63 74 49
63 74 70
63 74 60
63 52 63
63 52 64
63 52 68
63 63 64
63 63 52
63 63 68
63 64 52
63 64 63
63 64 68
63 68 52
63 68 63
63 68 64
63 65 38
63 65 60
63 65 34
63 38 60
63 38 65
63 38 34
63 60 65
63 60 38
63 60 34
63 34 65
63 34 38
63 34 60
