92 668 283
92 668 272
92 668 331
92 283 272
92 283 668
92 283 331
92 272 668
92 272 283
92 272 331
92 331 668
92 331 283
92 331 272
92 622 243
92 622 290
92 622 375
92 243 290
92 243 622
92 243 375
92 290 622
92 290 243
92 290 375
92 375 622
92 375 243
92 375 290
92 658 285
92 658 332
92 658 385
92 285 332
92 285 658
92 285 385
92 332 658
92 332 285
92 332 385
92 385 658
92 385 285
92 385 332
92 702 291
92 702 296
92 702 351
92 291 296
92 291 702
92 291 351
92 296 702
92 296 291
92 296 351
92 351 702
92 351 291
92 351 296
92 719 258
92 719 293
92 719 374
92 258 293
92 258 719
92 258 374
92 293 719
92 293 258
92 293 374
92 374 719
92 374 258
92 374 293
