76 146 82
76 146 127
76 146 104
76 82 127
76 82 146
76 82 104
76 127 146
76 127 82
76 127 104
76 104 146
76 104 82
76 104 127
76 158 75
76 158 106
76 158 127
76 75 106
76 75 158
76 75 127
76 106 158
76 106 75
76 106 127
76 127 158
76 127 75
76 127 106
76 137 111
76 137 125
76 137 108
76 111 125
76 111 137
76 111 108
76 125 137
76 125 111
76 125 108
76 108 137
76 108 111
76 108 125
76 126 143
76 126 120
76 126 126
76 143 120
76 143 126
76 143 126
76 120 126
76 120 143
76 120 126
76 126 126
76 126 143
76 126 120
76 164 131
76 164 132
76 164 161
76 131 132
76 131 164
76 131 161
76 132 164
76 132 131
76 132 161
76 161 164
76 161 131
76 161 132
