50 96 642
50 96 704
50 96 632
50 642 704
50 642 96
50 642 632
50 704 96
50 704 642
50 704 632
50 632 96
50 632 642
50 632 704
50 72 436
50 72 408
50 72 440
50 436 408
50 436 72
50 436 440
50 408 72
50 408 436
50 408 440
50 440 72
50 440 436
50 440 408
50 87 676
50 87 714
50 87 697
50 676 714
50 676 87
50 676 697
50 714 87
50 714 676
50 714 697
50 697 87
50 697 676
50 697 714
50 100 636
50 100 543
50 100 641
50 636 543
50 636 100
50 636 641
50 543 100
50 543 636
50 543 641
50 641 100
50 641 636
50 641 543
50 143 771
50 143 885
50 143 858
50 771 885
50 771 143
50 771 858
50 885 143
50 885 771
50 885 858
50 858 143
50 858 771
50 858 885
