108 41 25
108 41 38
108 41 47
108 25 38
108 25 41
108 25 47
108 38 41
108 38 25
108 38 47
108 47 41
108 47 25
108 47 38
108 38 39
108 38 31
108 38 24
108 39 31
108 39 38
108 39 24
108 31 38
108 31 39
108 31 24
108 24 38
108 24 39
108 24 31
108 43 37
108 43 38
108 43 30
108 37 38
108 37 43
108 37 30
108 38 43
108 38 37
108 38 30
108 30 43
108 30 37
108 30 38
108 41 51
108 41 34
108 41 50
108 51 34
108 51 41
108 51 50
108 34 41
108 34 51
108 34 50
108 50 41
108 50 51
108 50 34
108 39 41
108 39 36
108 39 52
108 41 36
108 41 39
108 41 52
108 36 39
108 36 41
108 36 52
108 52 39
108 52 41
108 52 36
