41 57 15
41 57 22
41 57 15
41 15 22
41 15 57
41 15 15
41 22 57
41 22 15
41 22 15
41 15 57
41 15 15
41 15 22
41 16 25
41 16 18
41 16 15
41 25 18
41 25 16
41 25 15
41 18 16
41 18 25
41 18 15
41 15 16
41 15 25
41 15 18
41 20 29
41 20 30
41 20 24
41 29 30
41 29 20
41 29 24
41 30 20
41 30 29
41 30 24
41 24 20
41 24 29
41 24 30
41 23 34
41 23 33
41 23 36
41 34 33
41 34 23
41 34 36
41 33 23
41 33 34
41 33 36
41 36 23
41 36 34
41 36 33
41 43 39
41 43 32
41 43 39
41 39 32
41 39 43
41 39 39
41 32 43
41 32 39
41 32 39
41 39 43
41 39 39
41 39 32
