56 45 90
56 45 60
56 45 62
56 90 60
56 90 45
56 90 62
56 60 45
56 60 90
56 60 62
56 62 45
56 62 90
56 62 60
56 44 83
56 44 90
56 44 78
56 83 90
56 83 44
56 83 78
56 90 44
56 90 83
56 90 78
56 78 44
56 78 83
56 78 90
56 47 48
56 47 50
56 47 49
56 48 50
56 48 47
56 48 49
56 50 47
56 50 48
56 50 49
56 49 47
56 49 48
56 49 50
56 56 62
56 56 41
56 56 45
56 62 41
56 62 56
56 62 45
56 41 56
56 41 62
56 41 45
56 45 56
56 45 62
56 45 41
56 45 48
56 45 39
56 45 32
56 48 39
56 48 45
56 48 32
56 39 45
56 39 48
56 39 32
56 32 45
56 32 48
56 32 39
