104 425 112
104 425 211
104 425 204
104 112 211
104 112 425
104 112 204
104 211 425
104 211 112
104 211 204
104 204 425
104 204 112
104 204 211
104 278 129
104 278 142
104 278 96
104 129 142
104 129 278
104 129 96
104 142 278
104 142 129
104 142 96
104 96 278
104 96 129
104 96 142
104 204 252
104 204 160
104 204 173
104 252 160
104 252 204
104 252 173
104 160 204
104 160 252
104 160 173
104 173 204
104 173 252
104 173 160
104 443 143
104 443 152
104 443 160
104 143 152
104 143 443
104 143 160
104 152 443
104 152 143
104 152 160
104 160 443
104 160 143
104 160 152
104 266 131
104 266 126
104 266 237
104 131 126
104 131 266
104 131 237
104 126 266
104 126 131
104 126 237
104 237 266
104 237 131
104 237 126
