78 38 14
78 38 16
78 38 23
78 14 16
78 14 38
78 14 23
78 16 38
78 16 14
78 16 23
78 23 38
78 23 14
78 23 16
78 26 19
78 26 19
78 26 26
78 19 19
78 19 26
78 19 26
78 19 26
78 19 19
78 19 26
78 26 26
78 26 19
78 26 19
78 37 17
78 37 16
78 37 19
78 17 16
78 17 37
78 17 19
78 16 37
78 16 17
78 16 19
78 19 37
78 19 17
78 19 16
78 21 17
78 21 26
78 21 22
78 17 26
78 17 21
78 17 22
78 26 21
78 26 17
78 26 22
78 22 21
78 22 17
78 22 26
78 27 19
78 27 29
78 27 16
78 19 29
78 19 27
78 19 16
78 29 27
78 29 19
78 29 16
78 16 27
78 16 19
78 16 29
