96 105 39
96 105 31
96 105 57
96 39 31
96 39 105
96 39 57
96 31 105
96 31 39
96 31 57
96 57 105
96 57 39
96 57 31
96 156 24
96 156 24
96 156 46
96 24 24
96 24 156
96 24 46
96 24 156
96 24 24
96 24 46
96 46 156
96 46 24
96 46 24
96 83 37
96 83 49
96 83 53
96 37 49
96 37 83
96 37 53
96 49 83
96 49 37
96 49 53
96 53 83
96 53 37
96 53 49
96 110 44
96 110 40
96 110 50
96 44 40
96 44 110
96 44 50
96 40 110
96 40 44
96 40 50
96 50 110
96 50 44
96 50 40
96 131 53
96 131 66
96 131 81
96 53 66
96 53 131
96 53 81
96 66 131
96 66 53
96 66 81
96 81 131
96 81 53
96 81 66
