93 2318 968
93 2318 1039
93 2318 1249
93 968 1039
93 968 2318
93 968 1249
93 1039 2318
93 1039 968
93 1039 1249
93 1249 2318
93 1249 968
93 1249 1039
93 2486 1046
93 2486 1141
93 2486 1076
93 1046 1141
93 1046 2486
93 1046 1076
93 1141 2486
93 1141 1046
93 1141 1076
93 1076 2486
93 1076 1046
93 1076 1141
93 2442 935
93 2442 1162
93 2442 1318
93 935 1162
93 935 2442
93 935 1318
93 1162 2442
93 1162 935
93 1162 1318
93 1318 2442
93 1318 935
93 1318 1162
93 2519 1032
93 2519 893
93 2519 1189
93 1032 893
93 1032 2519
93 1032 1189
93 893 2519
93 893 1032
93 893 1189
93 1189 2519
93 1189 1032
93 1189 893
93 2718 1025
93 2718 1136
93 2718 1227
93 1025 1136
93 1025 2718
93 1025 1227
93 1136 2718
93 1136 1025
93 1136 1227
93 1227 2718
93 1227 1025
93 1227 1136
