51 15 41
51 15 49
51 15 29
51 41 49
51 41 15
51 41 29
51 49 15
51 49 41
51 49 29
51 29 15
51 29 41
51 29 49
51 23 70
51 23 78
51 23 57
51 70 78
51 70 23
51 70 57
51 78 23
51 78 70
51 78 57
51 57 23
51 57 70
51 57 78
51 27 62
51 27 65
51 27 67
51 62 65
51 62 27
51 62 67
51 65 27
51 65 62
51 65 67
51 67 27
51 67 62
51 67 65
51 38 44
51 38 40
51 38 57
51 44 40
51 44 38
51 44 57
51 40 38
51 40 44
51 40 57
51 57 38
51 57 44
51 57 40
51 41 84
51 41 80
51 41 81
51 84 80
51 84 41
51 84 81
51 80 41
51 80 84
51 80 81
51 81 41
51 81 84
51 81 80
