72 227 134
72 227 106
72 227 117
72 134 106
72 134 227
72 134 117
72 106 227
72 106 134
72 106 117
72 117 227
72 117 134
72 117 106
72 154 136
72 154 97
72 154 143
72 136 97
72 136 154
72 136 143
72 97 154
72 97 136
72 97 143
72 143 154
72 143 136
72 143 97
72 173 131
72 173 99
72 173 139
72 131 99
72 131 173
72 131 139
72 99 173
72 99 131
72 99 139
72 139 173
72 139 131
72 139 99
72 214 109
72 214 132
72 214 110
72 109 132
72 109 214
72 109 110
72 132 214
72 132 109
72 132 110
72 110 214
72 110 109
72 110 132
72 171 134
72 171 117
72 171 121
72 134 117
72 134 171
72 134 121
72 117 171
72 117 134
72 117 121
72 121 171
72 121 134
72 121 117
