87 132 122
87 132 129
87 132 134
87 122 129
87 122 132
87 122 134
87 129 132
87 129 122
87 129 134
87 134 132
87 134 122
87 134 129
87 169 128
87 169 86
87 169 108
87 128 86
87 128 169
87 128 108
87 86 169
87 86 128
87 86 108
87 108 169
87 108 128
87 108 86
87 155 106
87 155 103
87 155 122
87 106 103
87 106 155
87 106 122
87 103 155
87 103 106
87 103 122
87 122 155
87 122 106
87 122 103
87 186 130
87 186 102
87 186 108
87 130 102
87 130 186
87 130 108
87 102 186
87 102 130
87 102 108
87 108 186
87 108 130
87 108 102
87 157 135
87 157 90
87 157 117
87 135 90
87 135 157
87 135 117
87 90 157
87 90 135
87 90 117
87 117 157
87 117 135
87 117 90
