63 94 66
63 94 44
63 94 53
63 66 44
63 66 94
63 66 53
63 44 94
63 44 66
63 44 53
63 53 94
63 53 66
63 53 44
63 61 63
63 61 54
63 61 52
63 63 54
63 63 61
63 63 52
63 54 61
63 54 63
63 54 52
63 52 61
63 52 63
63 52 54
63 91 44
63 91 49
63 91 44
63 44 49
63 44 91
63 44 44
63 49 91
63 49 44
63 49 44
63 44 91
63 44 44
63 44 49
63 77 67
63 77 61
63 77 58
63 67 61
63 67 77
63 67 58
63 61 77
63 61 67
63 61 58
63 58 77
63 58 67
63 58 61
63 91 67
63 91 53
63 91 67
63 67 53
63 67 91
63 67 67
63 53 91
63 53 67
63 53 67
63 67 91
63 67 67
63 67 53
