116 82 169
116 82 163
116 82 206
116 169 163
116 169 82
116 169 206
116 163 82
116 163 169
116 163 206
116 206 82
116 206 169
116 206 163
116 91 175
116 91 178
116 91 171
116 175 178
116 175 91
116 175 171
116 178 91
116 178 175
116 178 171
116 171 91
116 171 175
116 171 178
116 101 142
116 101 141
116 101 175
116 142 141
116 142 101
116 142 175
116 141 101
116 141 142
116 141 175
116 175 101
116 175 142
116 175 141
116 84 137
116 84 167
116 84 117
116 137 167
116 137 84
116 137 117
116 167 84
116 167 137
116 167 117
116 117 84
116 117 137
116 117 167
116 75 142
116 75 168
116 75 171
116 142 168
116 142 75
116 142 171
116 168 75
116 168 142
116 168 171
116 171 75
116 171 142
116 171 168
