121 116 81
121 116 75
121 116 90
121 81 75
121 81 116
121 81 90
121 75 116
121 75 81
121 75 90
121 90 116
121 90 81
121 90 75
121 125 74
121 125 69
121 125 82
121 74 69
121 74 125
121 74 82
121 69 125
121 69 74
121 69 82
121 82 125
121 82 74
121 82 69
121 92 99
121 92 80
121 92 90
121 99 80
121 99 92
121 99 90
121 80 92
121 80 99
121 80 90
121 90 92
121 90 99
121 90 80
121 127 111
121 127 95
121 127 79
121 111 95
121 111 127
121 111 79
121 95 127
121 95 111
121 95 79
121 79 127
121 79 111
121 79 95
121 80 90
121 80 73
121 80 96
121 90 73
121 90 80
121 90 96
121 73 80
121 73 90
121 73 96
121 96 80
121 96 90
121 96 73
