71 1920 703
71 1920 851
71 1920 1123
71 703 851
71 703 1920
71 703 1123
71 851 1920
71 851 703
71 851 1123
71 1123 1920
71 1123 703
71 1123 851
71 1655 820
71 1655 901
71 1655 1096
71 820 901
71 820 1655
71 820 1096
71 901 1655
71 901 820
71 901 1096
71 1096 1655
71 1096 820
71 1096 901
71 1851 814
71 1851 1003
71 1851 1106
71 814 1003
71 814 1851
71 814 1106
71 1003 1851
71 1003 814
71 1003 1106
71 1106 1851
71 1106 814
71 1106 1003
71 2047 1080
71 2047 1118
71 2047 1107
71 1080 1118
71 1080 2047
71 1080 1107
71 1118 2047
71 1118 1080
71 1118 1107
71 1107 2047
71 1107 1080
71 1107 1118
71 2130 918
71 2130 1143
71 2130 1185
71 918 1143
71 918 2130
71 918 1185
71 1143 2130
71 1143 918
71 1143 1185
71 1185 2130
71 1185 918
71 1185 1143
