135 78 49
135 78 57
135 78 66
135 49 57
135 49 78
135 49 66
135 57 78
135 57 49
135 57 66
135 66 78
135 66 49
135 66 57
135 99 64
135 99 48
135 99 86
135 64 48
135 64 99
135 64 86
135 48 99
135 48 64
135 48 86
135 86 99
135 86 64
135 86 48
135 76 191
135 76 144
135 76 213
135 191 144
135 191 76
135 191 213
135 144 76
135 144 191
135 144 213
135 213 76
135 213 191
135 213 144
135 518 62
135 518 94
135 518 55
135 62 94
135 62 518
135 62 55
135 94 518
135 94 62
135 94 55
135 55 518
135 55 62
135 55 94
135 17 21
135 17 23
135 17 34
135 21 23
135 21 17
135 21 34
135 23 17
135 23 21
135 23 34
135 34 17
135 34 21
135 34 23
