96 40 53
96 40 51
96 40 58
96 53 51
96 53 40
96 53 58
96 51 40
96 51 53
96 51 58
96 58 40
96 58 53
96 58 51
96 41 39
96 41 60
96 41 61
96 39 60
96 39 41
96 39 61
96 60 41
96 60 39
96 60 61
96 61 41
96 61 39
96 61 60
96 58 65
96 58 61
96 58 51
96 65 61
96 65 58
96 65 51
96 61 58
96 61 65
96 61 51
96 51 58
96 51 65
96 51 61
96 71 83
96 71 43
96 71 76
96 83 43
96 83 71
96 83 76
96 43 71
96 43 83
96 43 76
96 76 71
96 76 83
96 76 43
96 48 53
96 48 64
96 48 51
96 53 64
96 53 48
96 53 51
96 64 48
96 64 53
96 64 51
96 51 48
96 51 53
96 51 64
