97 124 108
97 124 79
97 124 146
97 108 79
97 108 124
97 108 146
97 79 124
97 79 108
97 79 146
97 146 124
97 146 108
97 146 79
97 166 104
97 166 93
97 166 94
97 104 93
97 104 166
97 104 94
97 93 166
97 93 104
97 93 94
97 94 166
97 94 104
97 94 93
97 196 101
97 196 105
97 196 117
97 101 105
97 101 196
97 101 117
97 105 196
97 105 101
97 105 117
97 117 196
97 117 101
97 117 105
97 140 116
97 140 114
97 140 117
97 116 114
97 116 140
97 116 117
97 114 140
97 114 116
97 114 117
97 117 140
97 117 116
97 117 114
97 209 120
97 209 115
97 209 134
97 120 115
97 120 209
97 120 134
97 115 209
97 115 120
97 115 134
97 134 209
97 134 120
97 134 115
