130 105 110
130 105 108
130 105 122
130 110 108
130 110 105
130 110 122
130 108 105
130 108 110
130 108 122
130 122 105
130 122 110
130 122 108
130 102 174
130 102 173
130 102 116
130 174 173
130 174 102
130 174 116
130 173 102
130 173 174
130 173 116
130 116 102
130 116 174
130 116 173
130 90 93
130 90 158
130 90 106
130 93 158
130 93 90
130 93 106
130 158 90
130 158 93
130 158 106
130 106 90
130 106 93
130 106 158
130 126 58
130 126 81
130 126 115
130 58 81
130 58 126
130 58 115
130 81 126
130 81 58
130 81 115
130 115 126
130 115 58
130 115 81
130 109 76
130 109 90
130 109 120
130 76 90
130 76 109
130 76 120
130 90 109
130 90 76
130 90 120
130 120 109
130 120 76
130 120 90
