103 141 102
103 141 86
103 141 112
103 102 86
103 102 141
103 102 112
103 86 141
103 86 102
103 86 112
103 112 141
103 112 102
103 112 86
103 101 122
103 101 127
103 101 121
103 122 127
103 122 101
103 122 121
103 127 101
103 127 122
103 127 121
103 121 101
103 121 122
103 121 127
103 165 102
103 165 96
103 165 106
103 102 96
103 102 165
103 102 106
103 96 165
103 96 102
103 96 106
103 106 165
103 106 102
103 106 96
103 159 138
103 159 126
103 159 116
103 138 126
103 138 159
103 138 116
103 126 159
103 126 138
103 126 116
103 116 159
103 116 138
103 116 126
103 171 136
103 171 137
103 171 186
103 136 137
103 136 171
103 136 186
103 137 171
103 137 136
103 137 186
103 186 171
103 186 136
103 186 137
