113 140 306
113 140 255
113 140 278
113 306 255
113 306 140
113 306 278
113 255 140
113 255 306
113 255 278
113 278 140
113 278 306
113 278 255
113 195 305
113 195 322
113 195 354
113 305 322
113 305 195
113 305 354
113 322 195
113 322 305
113 322 354
113 354 195
113 354 305
113 354 322
113 184 246
113 184 267
113 184 224
113 246 267
113 246 184
113 246 224
113 267 184
113 267 246
113 267 224
113 224 184
113 224 246
113 224 267
113 142 215
113 142 271
113 142 288
113 215 271
113 215 142
113 215 288
113 271 142
113 271 215
113 271 288
113 288 142
113 288 215
113 288 271
113 159 229
113 159 245
113 159 258
113 229 245
113 229 159
113 229 258
113 245 159
113 245 229
113 245 258
113 258 159
113 258 229
113 258 245
