103 53 72
103 53 79
103 53 70
103 72 79
103 72 53
103 72 70
103 79 53
103 79 72
103 79 70
103 70 53
103 70 72
103 70 79
103 52 71
103 52 82
103 52 64
103 71 82
103 71 52
103 71 64
103 82 52
103 82 71
103 82 64
103 64 52
103 64 71
103 64 82
103 54 73
103 54 62
103 54 72
103 73 62
103 73 54
103 73 72
103 62 54
103 62 73
103 62 72
103 72 54
103 72 73
103 72 62
103 51 54
103 51 71
103 51 80
103 54 71
103 54 51
103 54 80
103 71 51
103 71 54
103 71 80
103 80 51
103 80 54
103 80 71
103 34 82
103 34 80
103 34 86
103 82 80
103 82 34
103 82 86
103 80 34
103 80 82
103 80 86
103 86 34
103 86 82
103 86 80
