74 97 67
74 97 72
74 97 85
74 67 72
74 67 97
74 67 85
74 72 97
74 72 67
74 72 85
74 85 97
74 85 67
74 85 72
74 74 68
74 74 73
74 74 92
74 68 73
74 68 74
74 68 92
74 73 74
74 73 68
74 73 92
74 92 74
74 92 68
74 92 73
74 81 90
74 81 73
74 81 100
74 90 73
74 90 81
74 90 100
74 73 81
74 73 90
74 73 100
74 100 81
74 100 90
74 100 73
74 75 64
74 75 99
74 75 74
74 64 99
74 64 75
74 64 74
74 99 75
74 99 64
74 99 74
74 74 75
74 74 64
74 74 99
74 117 79
74 117 72
74 117 103
74 79 72
74 79 117
74 79 103
74 72 117
74 72 79
74 72 103
74 103 117
74 103 79
74 103 72
