77 153 127
77 153 124
77 153 121
77 127 124
77 127 153
77 127 121
77 124 153
77 124 127
77 124 121
77 121 153
77 121 127
77 121 124
77 128 110
77 128 113
77 128 143
77 110 113
77 110 128
77 110 143
77 113 128
77 113 110
77 113 143
77 143 128
77 143 110
77 143 113
77 116 133
77 116 137
77 116 125
77 133 137
77 133 116
77 133 125
77 137 116
77 137 133
77 137 125
77 125 116
77 125 133
77 125 137
77 160 147
77 160 147
77 160 152
77 147 147
77 147 160
77 147 152
77 147 160
77 147 147
77 147 152
77 152 160
77 152 147
77 152 147
77 164 114
77 164 145
77 164 154
77 114 145
77 114 164
77 114 154
77 145 164
77 145 114
77 145 154
77 154 164
77 154 114
77 154 145
