79 96 100
79 96 76
79 96 57
79 100 76
79 100 96
79 100 57
79 76 96
79 76 100
79 76 57
79 57 96
79 57 100
79 57 76
79 120 56
79 120 69
79 120 100
79 56 69
79 56 120
79 56 100
79 69 120
79 69 56
79 69 100
79 100 120
79 100 56
79 100 69
79 114 70
79 114 62
79 114 60
79 70 62
79 70 114
79 70 60
79 62 114
79 62 70
79 62 60
79 60 114
79 60 70
79 60 62
79 87 69
79 87 57
79 87 100
79 69 57
79 69 87
79 69 100
79 57 87
79 57 69
79 57 100
79 100 87
79 100 69
79 100 57
79 74 96
79 74 75
79 74 77
79 96 75
79 96 74
79 96 77
79 75 74
79 75 96
79 75 77
79 77 74
79 77 96
79 77 75
