130 28 43
130 28 51
130 28 49
130 43 51
130 43 28
130 43 49
130 51 28
130 51 43
130 51 49
130 49 28
130 49 43
130 49 51
130 36 57
130 36 54
130 36 50
130 57 54
130 57 36
130 57 50
130 54 36
130 54 57
130 54 50
130 50 36
130 50 57
130 50 54
130 27 41
130 27 35
130 27 29
130 41 35
130 41 27
130 41 29
130 35 27
130 35 41
130 35 29
130 29 27
130 29 41
130 29 35
130 44 16
130 44 37
130 44 33
130 16 37
130 16 44
130 16 33
130 37 44
130 37 16
130 37 33
130 33 44
130 33 16
130 33 37
130 19 29
130 19 39
130 19 37
130 29 39
130 29 19
130 29 37
130 39 19
130 39 29
130 39 37
130 37 19
130 37 29
130 37 39
