105 281 179
105 281 223
105 281 233
105 179 223
105 179 281
105 179 233
105 223 281
105 223 179
105 223 233
105 233 281
105 233 179
105 233 223
105 209 196
105 209 175
105 209 187
105 196 175
105 196 209
105 196 187
105 175 209
105 175 196
105 175 187
105 187 209
105 187 196
105 187 175
105 214 315
105 214 349
105 214 293
105 315 349
105 315 214
105 315 293
105 349 214
105 349 315
105 349 293
105 293 214
105 293 315
105 293 349
105 304 283
105 304 264
105 304 306
105 283 264
105 283 304
105 283 306
105 264 304
105 264 283
105 264 306
105 306 304
105 306 283
105 306 264
105 193 318
105 193 419
105 193 430
105 318 419
105 318 193
105 318 430
105 419 193
105 419 318
105 419 430
105 430 193
105 430 318
105 430 419
