48 117 204
48 117 215
48 117 300
48 204 215
48 204 117
48 204 300
48 215 117
48 215 204
48 215 300
48 300 117
48 300 204
48 300 215
48 84 173
48 84 212
48 84 212
48 173 212
48 173 84
48 173 212
48 212 84
48 212 173
48 212 212
48 212 84
48 212 173
48 212 212
48 95 250
48 95 236
48 95 265
48 250 236
48 250 95
48 250 265
48 236 95
48 236 250
48 236 265
48 265 95
48 265 250
48 265 236
48 174 237
48 174 272
48 174 272
48 237 272
48 237 174
48 237 272
48 272 174
48 272 237
48 272 272
48 272 174
48 272 237
48 272 272
48 148 332
48 148 350
48 148 332
48 332 350
48 332 148
48 332 332
48 350 148
48 350 332
48 350 332
48 332 148
48 332 332
48 332 350
