42 4 20
42 4 18
42 4 18
42 20 18
42 20 4
42 20 18
42 18 4
42 18 20
42 18 18
42 18 4
42 18 20
42 18 18
42 9 16
42 9 12
42 9 16
42 16 12
42 16 9
42 16 16
42 12 9
42 12 16
42 12 16
42 16 9
42 16 16
42 16 12
42 9 24
42 9 24
42 9 36
42 24 24
42 24 9
42 24 36
42 24 9
42 24 24
42 24 36
42 36 9
42 36 24
42 36 24
42 12 34
42 12 32
42 12 35
42 34 32
42 34 12
42 34 35
42 32 12
42 32 34
42 32 35
42 35 12
42 35 34
42 35 32
42 14 46
42 14 26
42 14 40
42 46 26
42 46 14
42 46 40
42 26 14
42 26 46
42 26 40
42 40 14
42 40 46
42 40 26
