58 113 308
58 113 241
58 113 243
58 308 241
58 308 113
58 308 243
58 241 113
58 241 308
58 241 243
58 243 113
58 243 308
58 243 241
58 118 384
58 118 409
58 118 373
58 384 409
58 384 118
58 384 373
58 409 118
58 409 384
58 409 373
58 373 118
58 373 384
58 373 409
58 119 188
58 119 257
58 119 175
58 188 257
58 188 119
58 188 175
58 257 119
58 257 188
58 257 175
58 175 119
58 175 188
58 175 257
58 134 218
58 134 198
58 134 214
58 218 198
58 218 134
58 218 214
58 198 134
58 198 218
58 198 214
58 214 134
58 214 218
58 214 198
58 92 179
58 92 186
58 92 128
58 179 186
58 179 92
58 179 128
58 186 92
58 186 179
58 186 128
58 128 92
58 128 179
58 128 186
