54 27 265
54 27 278
54 27 233
54 265 278
54 265 27
54 265 233
54 278 27
54 278 265
54 278 233
54 233 27
54 233 265
54 233 278
54 40 405
54 40 472
54 40 374
54 405 472
54 405 40
54 405 374
54 472 40
54 472 405
54 472 374
54 374 40
54 374 405
54 374 472
54 52 204
54 52 167
54 52 188
54 204 167
54 204 52
54 204 188
54 167 52
54 167 204
54 167 188
54 188 52
54 188 204
54 188 167
54 27 141
54 27 136
54 27 149
54 141 136
54 141 27
54 141 149
54 136 27
54 136 141
54 136 149
54 149 27
54 149 141
54 149 136
54 46 124
54 46 102
54 46 95
54 124 102
54 124 46
54 124 95
54 102 46
54 102 124
54 102 95
54 95 46
54 95 124
54 95 102
