68 133 81
68 133 70
68 133 101
68 81 70
68 81 133
68 81 101
68 70 133
68 70 81
68 70 101
68 101 133
68 101 81
68 101 70
68 137 82
68 137 57
68 137 76
68 82 57
68 82 137
68 82 76
68 57 137
68 57 82
68 57 76
68 76 137
68 76 82
68 76 57
68 140 92
68 140 70
68 140 95
68 92 70
68 92 140
68 92 95
68 70 140
68 70 92
68 70 95
68 95 140
68 95 92
68 95 70
68 126 66
68 126 49
68 126 89
68 66 49
68 66 126
68 66 89
68 49 126
68 49 66
68 49 89
68 89 126
68 89 66
68 89 49
68 144 77
68 144 92
68 144 67
68 77 92
68 77 144
68 77 67
68 92 144
68 92 77
68 92 67
68 67 144
68 67 77
68 67 92
